chr	Start	End	Deletion_Size
2L 	 1339 	 1369 	 30
2L 	 31418 	 31538 	 120
2L	33267 	 40487 	 7220
2L 	 42649 	 42770 	 121
2L	52839 	 59725 	 6886
2L	79109 	 82299 	 3190
2L	90480 	 90668 	 188
2L 	 93143 	 93262 	 119
2L	157840 	 159374 	 1534
2L 	 164417 	 164535 	 118
2L 	 168628 	 168743 	 115
2L 	 180469 	 180586 	 117
2L	181038 	 183906 	 2868
2L	214334 	 220978 	 6644
2L	240607 	 240831 	 224
2L	250124 	 250872 	 748
2L 	 252449 	 252571 	 122
2L 	 257684 	 257782 	 98
2L	285144 	 288390 	 3246
2L 	 305717 	 305829 	 112
2L	306329 	 314375 	 8046
2L	325446 	 325584 	 138
2L 	 344174 	 344231 	 57
2L 	 352341 	 352421 	 80
2L	375660 	 375717 	 57
2L	380768 	 394862 	 14094
2L	428287 	 430298 	 2011
2L 	 436709 	 436806 	 97
2L	462362 	 462424 	 62
2L	470309 	 474822 	 4513
2L	506816 	 507810 	 994
2L	513936 	 516064 	 2128
2L	520424 	 521809 	 1385
2L 	 536986 	 537100 	 114
2L	557304 	 560658 	 3354
2L 	 562174 	 562218 	 44
2L 	 567317 	 567401 	 84
2L 	 576327 	 576429 	 102
2L 	 586539 	 586647 	 108
2L	685465 	 686332 	 867
2L 	 688404 	 688474 	 70
2L 	 715068 	 715180 	 112
2L	734068 	 734168 	 100
2L	766092 	 770635 	 4543
2L	792876 	 796283 	 3407
2L 	 801352 	 801450 	 98
2L 	 801502 	 801603 	 101
2L 	 840175 	 840298 	 123
2L	845967 	 846571 	 604
2L	943285 	 945621 	 2336
2L 	 959561 	 959659 	 98
2L 	 984453 	 984499 	 46
2L 	 1003504 	 1003566 	 62
2L 	 1014829 	 1014939 	 110
2L	1020308 	 1020728 	 420
2L	1029225 	 1035517 	 6292
2L 	 1065497 	 1065603 	 106
2L 	 1103871 	 1103992 	 121
2L 	 1107936 	 1108042 	 106
2L	1183356 	 1190970 	 7614
2L	1200892 	 1204381 	 3489
2L 	 1215923 	 1216031 	 108
2L 	 1232005 	 1232108 	 103
2L	1233894 	 1238286 	 4392
2L	1267040 	 1267090 	 50
2L 	 1278997 	 1279118 	 121
2L 	 1297164 	 1297286 	 122
2L	1338744 	 1351989 	 13245
2L 	 1362551 	 1362652 	 101
2L	1380360 	 1380604 	 244
2L 	 1397485 	 1397590 	 105
2L 	 1442210 	 1442332 	 122
2L 	 1459164 	 1459265 	 101
2L 	 1483205 	 1483322 	 117
2L	1504626 	 1526658 	 22032
2L 	 1529191 	 1529313 	 122
2L 	 1535082 	 1535182 	 100
2L 	 1549842 	 1549950 	 108
2L	1554652 	 1556110 	 1458
2L	1556307 	 1566077 	 9770
2L 	 1566953 	 1567075 	 122
2L 	 1585488 	 1585583 	 95
2L 	 1589938 	 1589972 	 34
2L	1592392 	 1597548 	 5156
2L	1619479 	 1621419 	 1940
2L 	 1623793 	 1623916 	 123
2L	1637412 	 1637466 	 54
2L	1639937 	 1640160 	 223
2L 	 1644764 	 1644880 	 116
2L	1645036 	 1647188 	 2152
2L	1677055 	 1677643 	 588
2L 	 1690457 	 1690562 	 105
2L	1721995 	 1722191 	 196
2L	1737678 	 1737769 	 91
2L	1746577 	 1747429 	 852
2L 	 1779736 	 1779783 	 47
2L	1780639 	 1780689 	 50
2L	1796421 	 1797870 	 1449
2L	1846565 	 1846770 	 205
2L	1872369 	 1880875 	 8506
2L 	 1895872 	 1895952 	 80
2L 	 1896011 	 1896057 	 46
2L 	 1899613 	 1899734 	 121
2L	1908714 	 1909234 	 520
2L	1938947 	 1939856 	 909
2L	1941302 	 1944946 	 3644
2L 	 1948283 	 1948397 	 114
2L	1953156 	 1955226 	 2070
2L	1960380 	 1963187 	 2807
2L 	 1982693 	 1982813 	 120
2L	1992214 	 2002148 	 9934
2L	2002360 	 2008892 	 6532
2L 	 2016847 	 2016944 	 97
2L	2032392 	 2038909 	 6517
2L 	 2057614 	 2057729 	 115
2L 	 2068642 	 2068746 	 104
2L	2077980 	 2078944 	 964
2L	2084625 	 2085313 	 688
2L 	 2085566 	 2085687 	 121
2L	2091933 	 2092361 	 428
2L	2094646 	 2096240 	 1594
2L 	 2110841 	 2110889 	 48
2L 	 2114481 	 2114584 	 103
2L 	 2118905 	 2119011 	 106
2L 	 2130559 	 2130680 	 121
2L	2132276 	 2139797 	 7521
2L	2148154 	 2148307 	 153
2L	2150589 	 2151002 	 413
2L	2157950 	 2175641 	 17691
2L	2270469 	 2270641 	 172
2L	2273217 	 2273782 	 565
2L	2280814 	 2285159 	 4345
2L	2323905 	 2329388 	 5483
2L	2341143 	 2342645 	 1502
2L	2348881 	 2349557 	 676
2L	2362633 	 2362775 	 142
2L 	 2364758 	 2364881 	 123
2L	2373489 	 2379521 	 6032
2L	2402976 	 2408522 	 5546
2L	2443759 	 2444989 	 1230
2L 	 2470480 	 2470583 	 103
2L	2477293 	 2484651 	 7358
2L 	 2494369 	 2494493 	 124
2L	2512324 	 2512416 	 92
2L 	 2534814 	 2534935 	 121
2L	2560823 	 2561187 	 364
2L 	 2568241 	 2568360 	 119
2L	2580315 	 2582961 	 2646
2L 	 2586503 	 2586618 	 115
2L 	 2610566 	 2610683 	 117
2L 	 2662336 	 2662372 	 36
2L 	 2686428 	 2686543 	 115
2L	2696586 	 2698244 	 1658
2L	2713587 	 2713679 	 92
2L	2732450 	 2736309 	 3859
2L 	 2738941 	 2739054 	 113
2L	2769503 	 2771259 	 1756
2L 	 2780290 	 2780360 	 70
2L 	 2784431 	 2784534 	 103
2L 	 2792105 	 2792204 	 99
2L	2805452 	 2832381 	 26929
2L 	 2843466 	 2843590 	 124
2L	2844227 	 2853612 	 9385
2L 	 2860544 	 2860644 	 100
2L 	 2886324 	 2886425 	 101
2L	2891971 	 2909384 	 17413
2L 	 2909493 	 2909614 	 121
2L 	 2912053 	 2912153 	 100
2L	2925284 	 2930320 	 5036
2L 	 2936410 	 2936528 	 118
2L	2971491 	 2973266 	 1775
2L	2985258 	 3000326 	 15068
2L	3011945 	 3013521 	 1576
2L	3013946 	 3027395 	 13449
2L	3028443 	 3032558 	 4115
2L 	 3041642 	 3041766 	 124
2L	3043266 	 3056708 	 13442
2L 	 3071987 	 3072038 	 51
2L	3078168 	 3080228 	 2060
2L	3094551 	 3098358 	 3807
2L	3105159 	 3106058 	 899
2L	3107418 	 3108347 	 929
2L	3127372 	 3129022 	 1650
2L	3132116 	 3149914 	 17798
2L 	 3161976 	 3162035 	 59
2L 	 3169032 	 3169101 	 69
2L	3191684 	 3191992 	 308
2L	3196749 	 3197863 	 1114
2L	3198069 	 3201306 	 3237
2L 	 3204865 	 3204900 	 35
2L	3213702 	 3213867 	 165
2L	3222615 	 3227229 	 4614
2L 	 3240113 	 3240240 	 127
2L 	 3240995 	 3241122 	 127
2L 	 3245397 	 3245524 	 127
2L 	 3253668 	 3253744 	 76
2L 	 3255684 	 3255788 	 104
2L	3305146 	 3326908 	 21762
2L 	 3334719 	 3334840 	 121
2L 	 3346851 	 3346978 	 127
2L 	 3368099 	 3368217 	 118
2L	3377269 	 3377353 	 84
2L 	 3380587 	 3380692 	 105
2L	3387294 	 3391866 	 4572
2L 	 3408444 	 3408556 	 112
2L	3422194 	 3428361 	 6167
2L	3430163 	 3432376 	 2213
2L 	 3444683 	 3444806 	 123
2L 	 3458944 	 3459064 	 120
2L	3471193 	 3477656 	 6463
2L 	 3478283 	 3478407 	 124
2L	3481436 	 3484768 	 3332
2L	3514751 	 3515089 	 338
2L 	 3520300 	 3520421 	 121
2L	3562225 	 3562429 	 204
2L	3585886 	 3586556 	 670
2L 	 3587927 	 3588049 	 122
2L 	 3635556 	 3635677 	 121
2L 	 3665732 	 3665844 	 112
2L	3678136 	 3678348 	 212
2L	3679043 	 3679113 	 70
2L 	 3690536 	 3690664 	 128
2L 	 3716864 	 3716985 	 121
2L 	 3736341 	 3736462 	 121
2L	3761809 	 3799052 	 37243
2L 	 3846989 	 3847092 	 103
2L 	 3856549 	 3856673 	 124
2L	3860000 	 3860069 	 69
2L	3870215 	 3871131 	 916
2L	3910523 	 3913239 	 2716
2L 	 3917261 	 3917385 	 124
2L	3924719 	 3924767 	 48
2L	3934858 	 3934969 	 111
2L	3957149 	 3972869 	 15720
2L	3988317 	 3988407 	 90
2L	3990457 	 3992267 	 1810
2L	3993301 	 3993631 	 330
2L 	 3993631 	 3993701 	 70
2L	4010140 	 4010383 	 243
2L 	 4027992 	 4028094 	 102
2L	4048013 	 4050096 	 2083
2L 	 4053188 	 4053259 	 71
2L 	 4077995 	 4078096 	 101
2L	4085746 	 4086398 	 652
2L	4086825 	 4091726 	 4901
2L	4103953 	 4104796 	 843
2L	4132228 	 4135923 	 3695
2L 	 4158869 	 4158993 	 124
2L	4225307 	 4225361 	 54
2L 	 4233034 	 4233154 	 120
2L	4243019 	 4244637 	 1618
2L	4270435 	 4271598 	 1163
2L	4279218 	 4283674 	 4456
2L 	 4304853 	 4304971 	 118
2L	4351990 	 4352201 	 211
2L	4367503 	 4380526 	 13023
2L	4392048 	 4395002 	 2954
2L 	 4473533 	 4473652 	 119
2L	4492702 	 4492830 	 128
2L	4496901 	 4497032 	 131
2L	4506084 	 4513856 	 7772
2L	4526324 	 4529303 	 2979
2L 	 4532540 	 4532663 	 123
2L 	 4595692 	 4595760 	 68
2L 	 4595845 	 4595904 	 59
2L 	 4596754 	 4596813 	 59
2L 	 4603138 	 4603201 	 63
2L	4607538 	 4644972 	 37434
2L	4648892 	 4652534 	 3642
2L	4670164 	 4672589 	 2425
2L	4685249 	 4685303 	 54
2L 	 4703974 	 4704092 	 118
2L	4716191 	 4730345 	 14154
2L 	 4733855 	 4733956 	 101
2L	4751579 	 4751633 	 54
2L	4755313 	 4756926 	 1613
2L	4760481 	 4762082 	 1601
2L	4762724 	 4770257 	 7533
2L	4817762 	 4820856 	 3094
2L	4828755 	 4829780 	 1025
2L 	 4834341 	 4834448 	 107
2L	4841208 	 4842599 	 1391
2L	4852376 	 4856137 	 3761
2L	4896680 	 4905899 	 9219
2L 	 4920148 	 4920265 	 117
2L 	 4933076 	 4933191 	 115
2L	4943153 	 4957993 	 14840
2L 	 4982420 	 4982524 	 104
2L	4997492 	 4997787 	 295
2L	5003037 	 5004515 	 1478
2L	5039991 	 5040141 	 150
2L 	 5053602 	 5053713 	 111
2L	5060459 	 5060523 	 64
2L	5105580 	 5107594 	 2014
2L 	 5175896 	 5176020 	 124
2L	5189471 	 5206165 	 16694
2L	5249137 	 5250710 	 1573
2L 	 5273918 	 5274039 	 121
2L	5285091 	 5287875 	 2784
2L	5291656 	 5291831 	 175
2L	5317771 	 5320834 	 3063
2L 	 5344274 	 5344367 	 93
2L	5361828 	 5371450 	 9622
2L	5395334 	 5403625 	 8291
2L 	 5433817 	 5433938 	 121
2L 	 5446307 	 5446411 	 104
2L	5480557 	 5483265 	 2708
2L	5490943 	 5494171 	 3228
2L 	 5507596 	 5507697 	 101
2L 	 5537482 	 5537581 	 99
2L	5545928 	 5555123 	 9195
2L	5563674 	 5564762 	 1088
2L 	 5572495 	 5572618 	 123
2L	5581951 	 5583144 	 1193
2L	5585156 	 5585602 	 446
2L 	 5607201 	 5607317 	 116
2L 	 5622117 	 5622230 	 113
2L 	 5630275 	 5630386 	 111
2L	5636252 	 5637377 	 1125
2L 	 5639630 	 5639753 	 123
2L	5648029 	 5648658 	 629
2L	5663722 	 5668299 	 4577
2L	5688997 	 5689782 	 785
2L	5704668 	 5704985 	 317
2L 	 5710848 	 5710972 	 124
2L	5765689 	 5768628 	 2939
2L	5770268 	 5770408 	 140
2L	5843795 	 5848067 	 4272
2L	5858203 	 5859233 	 1030
2L 	 5863838 	 5863960 	 122
2L	5865633 	 5865750 	 117
2L 	 5869462 	 5869582 	 120
2L	5892712 	 5892921 	 209
2L	5893337 	 5899642 	 6305
2L 	 5921743 	 5921845 	 102
2L 	 5924464 	 5924574 	 110
2L	5926829 	 5938126 	 11297
2L	5961599 	 5963090 	 1491
2L	5966669 	 5982029 	 15360
2L	5982373 	 5993986 	 11613
2L	6008910 	 6011582 	 2672
2L	6016719 	 6017594 	 875
2L	6072838 	 6073763 	 925
2L	6090731 	 6097460 	 6729
2L 	 6097642 	 6097763 	 121
2L	6099895 	 6106138 	 6243
2L 	 6114183 	 6114300 	 117
2L	6119429 	 6129329 	 9900
2L	6132691 	 6134944 	 2253
2L 	 6139322 	 6139433 	 111
2L 	 6139828 	 6139950 	 122
2L	6143299 	 6144009 	 710
2L 	 6154492 	 6154620 	 128
2L 	 6166712 	 6166833 	 121
2L	6173319 	 6173687 	 368
2L 	 6189004 	 6189122 	 118
2L	6196961 	 6197058 	 97
2L 	 6207318 	 6207423 	 105
2L 	 6218015 	 6218112 	 97
2L	6223492 	 6228276 	 4784
2L	6243221 	 6243461 	 240
2L 	 6249572 	 6249691 	 119
2L	6259511 	 6277745 	 18234
2L	6289231 	 6290162 	 931
2L	6332903 	 6333097 	 194
2L 	 6390238 	 6390348 	 110
2L	6395299 	 6417360 	 22061
2L 	 6430938 	 6431009 	 71
2L 	 6458811 	 6458921 	 110
2L	6461967 	 6462479 	 512
2L 	 6485094 	 6485218 	 124
2L	6505830 	 6506004 	 174
2L	6510576 	 6511753 	 1177
2L 	 6538252 	 6538372 	 120
2L 	 6561573 	 6561680 	 107
2L	6566413 	 6570981 	 4568
2L	6577411 	 6577868 	 457
2L	6606147 	 6612074 	 5927
2L	6619492 	 6619586 	 94
2L 	 6634995 	 6635100 	 105
2L	6643143 	 6644734 	 1591
2L	6693666 	 6698069 	 4403
2L	6698565 	 6701389 	 2824
2L 	 6702794 	 6702898 	 104
2L 	 6711514 	 6711628 	 114
2L 	 6730691 	 6730795 	 104
2L 	 6772189 	 6772300 	 111
2L	6796248 	 6798650 	 2402
2L 	 6867256 	 6867368 	 112
2L 	 6877696 	 6877767 	 71
2L 	 6879486 	 6879551 	 65
2L	6889957 	 6890945 	 988
2L	6893340 	 6893396 	 56
2L	6906066 	 6906247 	 181
2L	6918285 	 6928934 	 10649
2L	6947689 	 6948031 	 342
2L 	 6992928 	 6993047 	 119
2L 	 6998337 	 6998433 	 96
2L 	 7003630 	 7003745 	 115
2L 	 7035553 	 7035670 	 117
2L 	 7054041 	 7054149 	 108
2L	7090650 	 7091523 	 873
2L 	 7128465 	 7128589 	 124
2L 	 7146136 	 7146239 	 103
2L	7207006 	 7208866 	 1860
2L	7299465 	 7299552 	 87
2L	7340586 	 7341848 	 1262
2L 	 7346516 	 7346561 	 45
2L 	 7348117 	 7348227 	 110
2L	7361504 	 7361636 	 132
2L	7406851 	 7411622 	 4771
2L 	 7417315 	 7417414 	 99
2L	7466157 	 7470659 	 4502
2L	7497256 	 7497319 	 63
2L 	 7512094 	 7512195 	 101
2L	7518161 	 7519074 	 913
2L	7526080 	 7526231 	 151
2L	7526408 	 7531146 	 4738
2L 	 7549863 	 7549969 	 106
2L	7559484 	 7560985 	 1501
2L 	 7568544 	 7568641 	 97
2L	7580528 	 7580693 	 165
2L	7591033 	 7596509 	 5476
2L 	 7605831 	 7605933 	 102
2L	7613260 	 7614835 	 1575
2L	7619276 	 7619337 	 61
2L 	 7673969 	 7674085 	 116
2L	7682407 	 7682529 	 122
2L 	 7695338 	 7695461 	 123
2L 	 7731486 	 7731581 	 95
2L 	 7738046 	 7738078 	 32
2L 	 7745752 	 7745815 	 63
2L 	 7749157 	 7749221 	 64
2L	7756385 	 7758094 	 1709
2L	7758912 	 7759106 	 194
2L	7768210 	 7771433 	 3223
2L	7837077 	 7840457 	 3380
2L	7856037 	 7856336 	 299
2L	7860069 	 7862540 	 2471
2L	7874123 	 7907354 	 33231
2L	7912361 	 7923364 	 11003
2L	7933479 	 7933995 	 516
2L	7952485 	 7952823 	 338
2L 	 7982395 	 7982516 	 121
2L 	 7999122 	 7999242 	 120
2L 	 8010287 	 8010321 	 34
2L 	 8015771 	 8015816 	 45
2L	8047298 	 8048915 	 1617
2L 	 8103214 	 8103313 	 99
2L	8127627 	 8134984 	 7357
2L 	 8146430 	 8146549 	 119
2L	8158190 	 8169447 	 11257
2L 	 8169831 	 8169954 	 123
2L	8185425 	 8186710 	 1285
2L	8194097 	 8196900 	 2803
2L 	 8222509 	 8222611 	 102
2L	8223421 	 8231397 	 7976
2L	8263471 	 8263535 	 64
2L	8265282 	 8265513 	 231
2L 	 8319134 	 8319251 	 117
2L 	 8319526 	 8319650 	 124
2L 	 8351031 	 8351068 	 37
2L 	 8355002 	 8355091 	 89
2L	8376538 	 8376670 	 132
2L 	 8378149 	 8378246 	 97
2L 	 8400387 	 8400511 	 124
2L 	 8406819 	 8406929 	 110
2L	8437586 	 8438355 	 769
2L	8451367 	 8452209 	 842
2L 	 8455557 	 8455635 	 78
2L	8468848 	 8468913 	 65
2L	8482503 	 8482553 	 50
2L	8498200 	 8500455 	 2255
2L	8504590 	 8505463 	 873
2L	8560288 	 8572340 	 12052
2L 	 8576006 	 8576127 	 121
2L 	 8593310 	 8593426 	 116
2L 	 8595230 	 8595316 	 86
2L 	 8597086 	 8597203 	 117
2L 	 8597552 	 8597584 	 32
2L	8610539 	 8612056 	 1517
2L	8616357 	 8631808 	 15451
2L 	 8632800 	 8632921 	 121
2L	8655176 	 8656025 	 849
2L	8664444 	 8665263 	 819
2L	8675145 	 8702935 	 27790
2L 	 8721617 	 8721685 	 68
2L	8733580 	 8734430 	 850
2L	8761075 	 8762937 	 1862
2L	8779040 	 8780774 	 1734
2L 	 8782963 	 8783083 	 120
2L	8792639 	 8792789 	 150
2L	8812549 	 8813763 	 1214
2L	8814650 	 8815075 	 425
2L	8820186 	 8821092 	 906
2L	8851663 	 8863551 	 11888
2L	8863699 	 8893423 	 29724
2L	8902862 	 8908865 	 6003
2L	8915727 	 8931539 	 15812
2L	8940628 	 8951729 	 11101
2L	8976154 	 8979566 	 3412
2L	8980281 	 8981607 	 1326
2L	8984580 	 8985935 	 1355
2L 	 9009009 	 9009049 	 40
2L	9037372 	 9039420 	 2048
2L	9107937 	 9109255 	 1318
2L 	 9110014 	 9110135 	 121
2L	9170463 	 9176524 	 6061
2L	9234523 	 9234594 	 71
2L	9239526 	 9240450 	 924
2L	9256021 	 9256739 	 718
2L 	 9292663 	 9292766 	 103
2L	9301745 	 9308027 	 6282
2L	9310493 	 9324879 	 14386
2L	9344571 	 9345129 	 558
2L	9360128 	 9370769 	 10641
2L	9374126 	 9380191 	 6065
2L 	 9385854 	 9385884 	 30
2L 	 9403760 	 9403877 	 117
2L	9404186 	 9409128 	 4942
2L	9410168 	 9411062 	 894
2L	9421839 	 9426859 	 5020
2L	9448291 	 9448368 	 77
2L 	 9458457 	 9458578 	 121
2L 	 9476793 	 9476836 	 43
2L 	 9476918 	 9477001 	 83
2L 	 9480146 	 9480211 	 65
2L 	 9481483 	 9481576 	 93
2L 	 9481524 	 9481576 	 52
2L 	 9483668 	 9483729 	 61
2L 	 9486239 	 9486314 	 75
2L	9502752 	 9502804 	 52
2L	9503898 	 9504002 	 104
2L 	 9515454 	 9515576 	 122
2L 	 9562080 	 9562198 	 118
2L 	 9578584 	 9578706 	 122
2L	9595990 	 9596054 	 64
2L 	 9606776 	 9606882 	 106
2L	9612408 	 9613131 	 723
2L 	 9619497 	 9619617 	 120
2L	9621465 	 9621515 	 50
2L	9624594 	 9629813 	 5219
2L	9646181 	 9647945 	 1764
2L	9678212 	 9678322 	 110
2L	9690585 	 9690649 	 64
2L	9725251 	 9734722 	 9471
2L	9750518 	 9752102 	 1584
2L 	 9777314 	 9777415 	 101
2L	9786404 	 9787701 	 1297
2L 	 9797279 	 9797401 	 122
2L	9853329 	 9859444 	 6115
2L	9866155 	 9867445 	 1290
2L 	 9936995 	 9937028 	 33
2L 	 9937167 	 9937260 	 93
2L 	 9973694 	 9973784 	 90
2L 	 9977016 	 9977118 	 102
2L 	 9981788 	 9981885 	 97
2L 	 9990512 	 9990636 	 124
2L 	 10004266 	 10004390 	 124
2L	10008749 	 10017403 	 8654
2L	10066814 	 10068862 	 2048
2L	10123421 	 10125656 	 2235
2L 	 10142612 	 10142687 	 75
2L 	 10217478 	 10217597 	 119
2L	10225799 	 10227953 	 2154
2L 	 10259225 	 10259331 	 106
2L	10292430 	 10292615 	 185
2L	10292890 	 10293927 	 1037
2L	10299973 	 10303709 	 3736
2L 	 10318911 	 10319030 	 119
2L	10319494 	 10321622 	 2128
2L	10329971 	 10333111 	 3140
2L	10337829 	 10345800 	 7971
2L	10361069 	 10366404 	 5335
2L	10387408 	 10387590 	 182
2L 	 10408161 	 10408277 	 116
2L	10460312 	 10465974 	 5662
2L	10478769 	 10480213 	 1444
2L 	 10505548 	 10505659 	 111
2L	10511217 	 10515607 	 4390
2L	10531918 	 10532139 	 221
2L	10554184 	 10561027 	 6843
2L	10563535 	 10569253 	 5718
2L	10575427 	 10575590 	 163
2L 	 10584952 	 10585013 	 61
2L 	 10593517 	 10593559 	 42
2L	10599753 	 10602249 	 2496
2L 	 10609695 	 10609808 	 113
2L	10634780 	 10636595 	 1815
2L	10695362 	 10697448 	 2086
2L 	 10697622 	 10697669 	 47
2L	10737541 	 10739035 	 1494
2L	10765378 	 10766033 	 655
2L	10779015 	 10786588 	 7573
2L	10810283 	 10810344 	 61
2L	10817616 	 10831938 	 14322
2L	10836757 	 10837220 	 463
2L	10838823 	 10844652 	 5829
2L	10849764 	 10853437 	 3673
2L	10901014 	 10904365 	 3351
2L	10904979 	 10906637 	 1658
2L 	 10959612 	 10959709 	 97
2L	10971141 	 11010274 	 39133
2L	11041928 	 11043495 	 1567
2L 	 11072087 	 11072191 	 104
2L	11072801 	 11098650 	 25849
2L	11115930 	 11117361 	 1431
2L	11127554 	 11127885 	 331
2L 	 11131258 	 11131372 	 114
2L	11145040 	 11146516 	 1476
2L 	 11147383 	 11147491 	 108
2L 	 11153997 	 11154121 	 124
2L	11154346 	 11159086 	 4740
2L	11161618 	 11176587 	 14969
2L	11194171 	 11196327 	 2156
2L 	 11196636 	 11196751 	 115
2L 	 11208135 	 11208256 	 121
2L	11218787 	 11218955 	 168
2L 	 11221719 	 11221821 	 102
2L 	 11225712 	 11225835 	 123
2L	11280526 	 11282879 	 2353
2L	11295731 	 11300940 	 5209
2L 	 11304763 	 11304861 	 98
2L 	 11317462 	 11317537 	 75
2L	11319765 	 11327690 	 7925
2L	11337396 	 11348251 	 10855
2L	11350732 	 11350821 	 89
2L	11357654 	 11361470 	 3816
2L	11366129 	 11370444 	 4315
2L	11373970 	 11374149 	 179
2L	11380163 	 11381984 	 1821
2L	11384958 	 11386969 	 2011
2L	11391164 	 11394662 	 3498
2L	11402357 	 11402487 	 130
2L	11417344 	 11417478 	 134
2L 	 11420008 	 11420126 	 118
2L 	 11441627 	 11441732 	 105
2L	11509637 	 11510490 	 853
2L 	 11515112 	 11515231 	 119
2L	11518646 	 11521925 	 3279
2L 	 11542878 	 11542959 	 81
2L 	 11547481 	 11547541 	 60
2L 	 11547706 	 11547773 	 67
2L	11562505 	 11562841 	 336
2L 	 11565845 	 11565910 	 65
2L 	 11591736 	 11591834 	 98
2L	11605484 	 11606855 	 1371
2L	11652007 	 11680516 	 28509
2L	11686436 	 11689209 	 2773
2L 	 11715451 	 11715489 	 38
2L 	 11717639 	 11717742 	 103
2L	11721461 	 11721668 	 207
2L	11730161 	 11735606 	 5445
2L 	 11751901 	 11752004 	 103
2L 	 11755691 	 11755740 	 49
2L 	 11765875 	 11765953 	 78
2L	11770553 	 11773271 	 2718
2L	11778649 	 11789006 	 10357
2L	11801787 	 11810115 	 8328
2L 	 11825608 	 11825729 	 121
2L	11826328 	 11829141 	 2813
2L 	 11839895 	 11840008 	 113
2L 	 11867968 	 11868069 	 101
2L	11878088 	 11881224 	 3136
2L 	 11890857 	 11890968 	 111
2L 	 11912501 	 11912607 	 106
2L	11922381 	 11926612 	 4231
2L 	 11961993 	 11962113 	 120
2L 	 11995735 	 11995768 	 33
2L 	 11997513 	 11997606 	 93
2L	12023884 	 12027099 	 3215
2L	12028027 	 12045953 	 17926
2L	12048220 	 12048389 	 169
2L	12048842 	 12053974 	 5132
2L 	 12067552 	 12067649 	 97
2L	12076995 	 12079063 	 2068
2L	12080157 	 12081727 	 1570
2L	12088841 	 12089809 	 968
2L	12093936 	 12101119 	 7183
2L	12128755 	 12129090 	 335
2L	12140926 	 12141784 	 858
2L 	 12148753 	 12148874 	 121
2L	12176446 	 12178144 	 1698
2L	12190903 	 12192451 	 1548
2L 	 12217262 	 12217315 	 53
2L 	 12218669 	 12218742 	 73
2L 	 12222410 	 12222527 	 117
2L 	 12277438 	 12277535 	 97
2L	12324206 	 12324670 	 464
2L	12346327 	 12346904 	 577
2L	12355788 	 12356729 	 941
2L 	 12374227 	 12374275 	 48
2L 	 12378232 	 12378312 	 80
2L	12421891 	 12423799 	 1908
2L 	 12440038 	 12440156 	 118
2L	12451273 	 12454047 	 2774
2L 	 12557209 	 12557245 	 36
2L 	 12557327 	 12557417 	 90
2L 	 12557838 	 12557945 	 107
2L 	 12563580 	 12563623 	 43
2L 	 12604523 	 12604634 	 111
2L 	 12607201 	 12607319 	 118
2L	12621553 	 12623653 	 2100
2L	12642505 	 12652231 	 9726
2L 	 12660000 	 12660121 	 121
2L	12692450 	 12694007 	 1557
2L	12715202 	 12719109 	 3907
2L 	 12734834 	 12734895 	 61
2L	12746091 	 12749900 	 3809
2L	12756677 	 12759560 	 2883
2L	12760146 	 12776553 	 16407
2L 	 12785845 	 12785921 	 76
2L 	 12789127 	 12789189 	 62
2L	12831907 	 12832121 	 214
2L	12856605 	 12856711 	 106
2L	12875198 	 12882323 	 7125
2L	12890727 	 12890949 	 222
2L	12901729 	 12901916 	 187
2L	12910162 	 12919956 	 9794
2L	12945251 	 12945382 	 131
2L 	 12946844 	 12946945 	 101
2L	12979394 	 12980954 	 1560
2L	12988086 	 12999212 	 11126
2L	12999744 	 13003625 	 3881
2L	13018338 	 13023413 	 5075
2L	13069701 	 13071201 	 1500
2L	13078935 	 13079131 	 196
2L	13088760 	 13088873 	 113
2L	13095059 	 13126442 	 31383
2L	13127319 	 13128211 	 892
2L 	 13142261 	 13142365 	 104
2L 	 13196830 	 13196942 	 112
2L	13206469 	 13206658 	 189
2L	13230040 	 13230665 	 625
2L	13234852 	 13238196 	 3344
2L	13239522 	 13242679 	 3157
2L	13267778 	 13270629 	 2851
2L	13294145 	 13300900 	 6755
2L	13301474 	 13301844 	 370
2L	13309433 	 13317600 	 8167
2L	13323995 	 13333359 	 9364
2L 	 13339844 	 13339965 	 121
2L 	 13345295 	 13345405 	 110
2L	13345847 	 13345988 	 141
2L	13357233 	 13357292 	 59
2L 	 13404559 	 13404677 	 118
2L 	 13406707 	 13406811 	 104
2L	13413244 	 13416045 	 2801
2L	13436030 	 13436509 	 479
2L	13444231 	 13444335 	 104
2L 	 13449712 	 13449763 	 51
2L 	 13453892 	 13453949 	 57
2L	13460497 	 13484639 	 24142
2L 	 13486300 	 13486422 	 122
2L 	 13516148 	 13516269 	 121
2L 	 13518653 	 13518709 	 56
2L 	 13522823 	 13522946 	 123
2L 	 13524440 	 13524563 	 123
2L 	 13524501 	 13524563 	 62
2L 	 13538463 	 13538528 	 65
2L 	 13565505 	 13565583 	 78
2L	13581841 	 13583317 	 1476
2L	13584979 	 13585271 	 292
2L	13588198 	 13588419 	 221
2L	13590681 	 13593214 	 2533
2L	13621385 	 13623830 	 2445
2L	13639761 	 13640144 	 383
2L	13642800 	 13643909 	 1109
2L 	 13650301 	 13650370 	 69
2L 	 13656789 	 13656857 	 68
2L 	 13658359 	 13658395 	 36
2L 	 13664606 	 13664653 	 47
2L	13667041 	 13678945 	 11904
2L 	 13726627 	 13726733 	 106
2L 	 13751767 	 13751872 	 105
2L 	 13768103 	 13768223 	 120
2L	13777375 	 13779864 	 2489
2L 	 13803732 	 13803853 	 121
2L	13807724 	 13811756 	 4032
2L 	 13839793 	 13839892 	 99
2L 	 13860061 	 13860163 	 102
2L 	 13869512 	 13869635 	 123
2L 	 13895672 	 13895789 	 117
2L	13912295 	 13915963 	 3668
2L 	 13920464 	 13920578 	 114
2L 	 13928681 	 13928790 	 109
2L	13930590 	 13945844 	 15254
2L 	 13945975 	 13946092 	 117
2L	13951049 	 13961621 	 10572
2L	13969438 	 13978319 	 8881
2L 	 14027449 	 14027571 	 122
2L	14037325 	 14050162 	 12837
2L 	 14068094 	 14068214 	 120
2L 	 14105602 	 14105713 	 111
2L	14185288 	 14193272 	 7984
2L	14219287 	 14219791 	 504
2L	14224292 	 14227887 	 3595
2L 	 14239099 	 14239215 	 116
2L 	 14253107 	 14253226 	 119
2L 	 14296754 	 14296852 	 98
2L 	 14307075 	 14307194 	 119
2L 	 14322562 	 14322662 	 100
2L	14356272 	 14356329 	 57
2L	14363710 	 14364014 	 304
2L	14393351 	 14393526 	 175
2L	14400443 	 14400650 	 207
2L 	 14402375 	 14402475 	 100
2L 	 14416569 	 14416675 	 106
2L 	 14440632 	 14440745 	 113
2L	14449954 	 14450795 	 841
2L 	 14456653 	 14456752 	 99
2L 	 14458451 	 14458556 	 105
2L 	 14459438 	 14459558 	 120
2L	14471864 	 14474039 	 2175
2L	14476069 	 14476119 	 50
2L	14510704 	 14514388 	 3684
2L 	 14521791 	 14521898 	 107
2L 	 14524349 	 14524441 	 92
2L 	 14550682 	 14550717 	 35
2L 	 14580504 	 14580624 	 120
2L	14584977 	 14586539 	 1562
2L	14602326 	 14602950 	 624
2L	14605071 	 14611511 	 6440
2L	14618023 	 14619748 	 1725
2L 	 14631699 	 14631755 	 56
2L	14660948 	 14661143 	 195
2L	14664878 	 14667772 	 2894
2L 	 14674854 	 14674977 	 123
2L 	 14678097 	 14678217 	 120
2L 	 14723186 	 14723221 	 35
2L 	 14740804 	 14740896 	 92
2L	14751173 	 14761738 	 10565
2L 	 14763773 	 14763890 	 117
2L 	 14797351 	 14797469 	 118
2L	14867142 	 14877262 	 10120
2L	14921400 	 14923017 	 1617
2L	14957447 	 14957532 	 85
2L 	 14985241 	 14985319 	 78
2L	15011739 	 15014471 	 2732
2L	15019697 	 15019971 	 274
2L 	 15030405 	 15030520 	 115
2L	15041379 	 15041900 	 521
2L 	 15049488 	 15049602 	 114
2L	15056073 	 15058497 	 2424
2L	15060212 	 15064590 	 4378
2L	15109731 	 15113261 	 3530
2L	15138381 	 15139180 	 799
2L	15147410 	 15163246 	 15836
2L	15170371 	 15170777 	 406
2L	15215610 	 15216148 	 538
2L	15218430 	 15224624 	 6194
2L	15243841 	 15246041 	 2200
2L 	 15258668 	 15258774 	 106
2L	15263429 	 15263506 	 77
2L	15267876 	 15272317 	 4441
2L	15324997 	 15325393 	 396
2L 	 15327671 	 15327779 	 108
2L	15328374 	 15354420 	 26046
2L	15362709 	 15365425 	 2716
2L 	 15409731 	 15409855 	 124
2L 	 15433492 	 15433614 	 122
2L	15435561 	 15444813 	 9252
2L	15477225 	 15504447 	 27222
2L 	 15531177 	 15531297 	 120
2L	15555638 	 15555924 	 286
2L 	 15566306 	 15566430 	 124
2L 	 15591185 	 15591296 	 111
2L 	 15592408 	 15592522 	 114
2L 	 15601405 	 15601441 	 36
2L	15637451 	 15637513 	 62
2L 	 15663638 	 15663680 	 42
2L 	 15669613 	 15669727 	 114
2L	15694674 	 15694731 	 57
2L 	 15699646 	 15699718 	 72
2L	15734182 	 15736740 	 2558
2L	15739738 	 15739855 	 117
2L 	 15739855 	 15739917 	 62
2L 	 15761101 	 15761196 	 95
2L	15763524 	 15772538 	 9014
2L 	 15811620 	 15811727 	 107
2L	15820729 	 15820794 	 65
2L 	 15831631 	 15831744 	 113
2L	15845202 	 15850296 	 5094
2L	15906389 	 15908048 	 1659
2L	15935844 	 15936773 	 929
2L	15941943 	 15942000 	 57
2L 	 15953552 	 15953597 	 45
2L 	 16001790 	 16001910 	 120
2L	16008629 	 16008924 	 295
2L	16011142 	 16014480 	 3338
2L 	 16061192 	 16061293 	 101
2L 	 16068439 	 16068548 	 109
2L	16075608 	 16080739 	 5131
2L	16087154 	 16090173 	 3019
2L 	 16092015 	 16092127 	 112
2L	16099661 	 16099723 	 62
2L 	 16156938 	 16156985 	 47
2L	16162173 	 16167826 	 5653
2L	16170892 	 16182551 	 11659
2L 	 16201709 	 16201809 	 100
2L	16225269 	 16225674 	 405
2L 	 16234997 	 16235119 	 122
2L	16237794 	 16243569 	 5775
2L	16256288 	 16263242 	 6954
2L 	 16270649 	 16270753 	 104
2L	16302958 	 16307691 	 4733
2L 	 16388050 	 16388156 	 106
2L	16431750 	 16431895 	 145
2L	16434372 	 16438323 	 3951
2L	16447826 	 16449732 	 1906
2L 	 16450683 	 16450785 	 102
2L 	 16515248 	 16515284 	 36
2L 	 16526210 	 16526314 	 104
2L	16536936 	 16537384 	 448
2L	16538749 	 16539297 	 548
2L 	 16575733 	 16575853 	 120
2L	16583628 	 16590062 	 6434
2L 	 16596927 	 16597021 	 94
2L 	 16608759 	 16608863 	 104
2L 	 16613851 	 16613974 	 123
2L 	 16624664 	 16624780 	 116
2L 	 16651151 	 16651251 	 100
2L 	 16664631 	 16664753 	 122
2L	16689717 	 16691235 	 1518
2L	16692244 	 16693492 	 1248
2L 	 16701182 	 16701300 	 118
2L	16721975 	 16722196 	 221
2L	16742280 	 16749845 	 7565
2L	16781397 	 16782718 	 1321
2L	16813618 	 16817444 	 3826
2L 	 16823267 	 16823376 	 109
2L 	 16838580 	 16838697 	 117
2L 	 16865317 	 16865437 	 120
2L	16873005 	 16873694 	 689
2L	16880958 	 16887061 	 6103
2L	16887414 	 16898695 	 11281
2L 	 16908898 	 16909018 	 120
2L	16911391 	 16916318 	 4927
2L 	 16916439 	 16916552 	 113
2L 	 16929280 	 16929399 	 119
2L 	 16948248 	 16948370 	 122
2L	16973044 	 16973875 	 831
2L	17009016 	 17009619 	 603
2L 	 17025319 	 17025424 	 105
2L 	 17053907 	 17054013 	 106
2L	17082350 	 17084763 	 2413
2L	17085838 	 17086075 	 237
2L	17141387 	 17143808 	 2421
2L 	 17146884 	 17147001 	 117
2L 	 17157664 	 17157761 	 97
2L	17177356 	 17179160 	 1804
2L	17202487 	 17202821 	 334
2L	17218036 	 17222946 	 4910
2L	17229899 	 17229950 	 51
2L	17240786 	 17244466 	 3680
2L	17252394 	 17256060 	 3666
2L 	 17269245 	 17269360 	 115
2L 	 17277917 	 17277974 	 57
2L 	 17285312 	 17285418 	 106
2L	17301546 	 17304984 	 3438
2L	17306367 	 17306624 	 257
2L	17319092 	 17334545 	 15453
2L	17337763 	 17338043 	 280
2L	17365456 	 17369231 	 3775
2L	17382011 	 17382332 	 321
2L	17406115 	 17416124 	 10009
2L	17437641 	 17442823 	 5182
2L	17444630 	 17487615 	 42985
2L 	 17493745 	 17493844 	 99
2L	17497622 	 17515102 	 17480
2L	17522855 	 17523520 	 665
2L	17542894 	 17544787 	 1893
2L	17549598 	 17549875 	 277
2L 	 17590392 	 17590510 	 118
2L 	 17604006 	 17604114 	 108
2L	17624876 	 17636300 	 11424
2L	17643701 	 17644010 	 309
2L	17661515 	 17664112 	 2597
2L 	 17669642 	 17669710 	 68
2L 	 17674164 	 17674223 	 59
2L	17680435 	 17684906 	 4471
2L 	 17697019 	 17697119 	 100
2L	17721834 	 17723328 	 1494
2L	17725815 	 17726115 	 300
2L	17738646 	 17738713 	 67
2L	17750278 	 17750986 	 708
2L	17753176 	 17755985 	 2809
2L 	 17774625 	 17774726 	 101
2L	17781447 	 17789244 	 7797
2L	17809593 	 17809715 	 122
2L 	 17824320 	 17824370 	 50
2L 	 17826509 	 17826629 	 120
2L	17872102 	 17876397 	 4295
2L	17920123 	 17922890 	 2767
2L	17939314 	 17940078 	 764
2L	17944073 	 17948982 	 4909
2L 	 17952817 	 17952899 	 82
2L 	 17967129 	 17967230 	 101
2L 	 17969157 	 17969255 	 98
2L	17974820 	 17986090 	 11270
2L	18029064 	 18029755 	 691
2L 	 18042568 	 18042692 	 124
2L 	 18057895 	 18057961 	 66
2L 	 18080677 	 18080797 	 120
2L 	 18104585 	 18104686 	 101
2L	18118885 	 18118932 	 47
2L	18128408 	 18132279 	 3871
2L	18132777 	 18133484 	 707
2L	18135647 	 18142565 	 6918
2L	18145621 	 18146255 	 634
2L	18150438 	 18182696 	 32258
2L	18196052 	 18196215 	 163
2L	18234956 	 18239004 	 4048
2L	18251037 	 18252430 	 1393
2L 	 18253483 	 18253578 	 95
2L 	 18293947 	 18294069 	 122
2L 	 18313385 	 18313486 	 101
2L	18316293 	 18316667 	 374
2L 	 18317906 	 18318004 	 98
2L	18327251 	 18338829 	 11578
2L	18340869 	 18348217 	 7348
2L 	 18406376 	 18406485 	 109
2L 	 18407738 	 18407777 	 39
2L 	 18410770 	 18410874 	 104
2L	18468671 	 18470288 	 1617
2L 	 18490320 	 18490426 	 106
2L	18521234 	 18525604 	 4370
2L 	 18541057 	 18541156 	 99
2L	18557483 	 18569296 	 11813
2L 	 18572985 	 18573072 	 87
2L 	 18591071 	 18591110 	 39
2L 	 18601937 	 18602060 	 123
2L	18621274 	 18622156 	 882
2L 	 18703680 	 18703785 	 105
2L	18709507 	 18712685 	 3178
2L 	 18715758 	 18715880 	 122
2L	18719387 	 18720250 	 863
2L	18738709 	 18740912 	 2203
2L 	 18763188 	 18763307 	 119
2L	18791218 	 18794500 	 3282
2L 	 18823625 	 18823735 	 110
2L	18837589 	 18837642 	 53
2L	18852004 	 18866757 	 14753
2L	18935404 	 18937078 	 1674
2L	18971435 	 18971799 	 364
2L 	 18998946 	 18999065 	 119
2L	18999677 	 19000024 	 347
2L	19006674 	 19017637 	 10963
2L 	 19026610 	 19026717 	 107
2L 	 19030075 	 19030198 	 123
2L 	 19049537 	 19049634 	 97
2L	19080268 	 19081038 	 770
2L	19093533 	 19095453 	 1920
2L	19098360 	 19105599 	 7239
2L 	 19110824 	 19110939 	 115
2L 	 19126324 	 19126426 	 102
2L 	 19151304 	 19151387 	 83
2L 	 19153541 	 19153654 	 113
2L 	 19154010 	 19154107 	 97
2L	19207860 	 19208158 	 298
2L 	 19227644 	 19227748 	 104
2L 	 19241200 	 19241303 	 103
2L 	 19258641 	 19258738 	 97
2L 	 19284569 	 19284690 	 121
2L	19312657 	 19315327 	 2670
2L	19379615 	 19390496 	 10881
2L	19391371 	 19391598 	 227
2L 	 19402595 	 19402716 	 121
2L	19419841 	 19426076 	 6235
2L	19427547 	 19427790 	 243
2L	19429421 	 19430530 	 1109
2L	19464940 	 19472069 	 7129
2L	19479119 	 19479925 	 806
2L	19485051 	 19485189 	 138
2L 	 19485726 	 19485848 	 122
2L	19499084 	 19510848 	 11764
2L	19514404 	 19516016 	 1612
2L 	 19520983 	 19521097 	 114
2L	19544529 	 19545026 	 497
2L 	 19569290 	 19569411 	 121
2L	19570504 	 19574342 	 3838
2L 	 19581752 	 19581875 	 123
2L	19603498 	 19605740 	 2242
2L 	 19619247 	 19619310 	 63
2L	19633816 	 19638535 	 4719
2L 	 19647909 	 19648004 	 95
2L 	 19658786 	 19658898 	 112
2L 	 19660640 	 19660745 	 105
2L 	 19664495 	 19664540 	 45
2L 	 19668563 	 19668602 	 39
2L 	 19669470 	 19669558 	 88
2L 	 19671160 	 19671274 	 114
2L	19683965 	 19684065 	 100
2L 	 19704215 	 19704246 	 31
2L	19729282 	 19733379 	 4097
2L	19764567 	 19764647 	 80
2L 	 19767802 	 19767923 	 121
2L	19771444 	 19801635 	 30191
2L	19805477 	 19829590 	 24113
2L	19851832 	 19855838 	 4006
2L	19860594 	 19862579 	 1985
2L	19904783 	 19908124 	 3341
2L	19932143 	 19938218 	 6075
2L	19946995 	 19947159 	 164
2L	19951857 	 19952333 	 476
2L	19967376 	 19967886 	 510
2L	19972348 	 19974647 	 2299
2L	19984577 	 19986058 	 1481
2L	19987046 	 19992528 	 5482
2L	20003302 	 20005954 	 2652
2L 	 20007178 	 20007276 	 98
2L	20027975 	 20028034 	 59
2L 	 20031350 	 20031452 	 102
2L	20047392 	 20047724 	 332
2L	20063374 	 20075013 	 11639
2L 	 20101055 	 20101154 	 99
2L	20135798 	 20136825 	 1027
2L	20139881 	 20140032 	 151
2L 	 20147649 	 20147722 	 73
2L 	 20157602 	 20157695 	 93
2L 	 20157861 	 20157963 	 102
2L 	 20163515 	 20163564 	 49
2L 	 20166476 	 20166579 	 103
2L 	 20192251 	 20192352 	 101
2L 	 20197661 	 20197693 	 32
2L 	 20200104 	 20200161 	 57
2L 	 20203445 	 20203497 	 52
2L 	 20203561 	 20203637 	 76
2L 	 20205426 	 20205484 	 58
2L 	 20213054 	 20213120 	 66
2L	20219709 	 20220068 	 359
2L 	 20232334 	 20232447 	 113
2L	20239029 	 20243639 	 4610
2L	20248693 	 20249685 	 992
2L 	 20261856 	 20261969 	 113
2L 	 20273357 	 20273471 	 114
2L 	 20310099 	 20310169 	 70
2L 	 20323669 	 20323785 	 116
2L	20351000 	 20357791 	 6791
2L	20358651 	 20363320 	 4669
2L 	 20369071 	 20369193 	 122
2L 	 20385262 	 20385384 	 122
2L 	 20387859 	 20387976 	 117
2L 	 20410839 	 20410883 	 44
2L 	 20418309 	 20418359 	 50
2L 	 20454976 	 20455054 	 78
2L 	 20455495 	 20455600 	 105
2L	20461570 	 20461855 	 285
2L	20474018 	 20475842 	 1824
2L	20479672 	 20486256 	 6584
2L 	 20500958 	 20501066 	 108
2L 	 20507418 	 20507517 	 99
2L 	 20512049 	 20512170 	 121
2L 	 20541086 	 20541190 	 104
2L	20544835 	 20545833 	 998
2L 	 20585480 	 20585538 	 58
2L	20587258 	 20589494 	 2236
2L	20596359 	 20602058 	 5699
2L	20618053 	 20621649 	 3596
2L	20656308 	 20663345 	 7037
2L	20663990 	 20665794 	 1804
2L 	 20716333 	 20716446 	 113
2L	20717957 	 20728782 	 10825
2L 	 20746844 	 20746952 	 108
2L 	 20766927 	 20767027 	 100
2L 	 20796412 	 20796533 	 121
2L	20799321 	 20816363 	 17042
2L	20816944 	 20817016 	 72
2L	20817950 	 20818023 	 73
2L	20850105 	 20858631 	 8526
2L 	 20865329 	 20865426 	 97
2L 	 20895821 	 20895878 	 57
2L 	 20914776 	 20914895 	 119
2L	20918550 	 20919102 	 552
2L	20926052 	 20926862 	 810
2L 	 20938866 	 20938992 	 126
2L 	 20941381 	 20941501 	 120
2L	20945061 	 20946830 	 1769
2L 	 20959507 	 20959598 	 91
2L 	 20959646 	 20959683 	 37
2L 	 21000456 	 21000571 	 115
2L 	 21038786 	 21038884 	 98
2L	21086365 	 21091514 	 5149
2L 	 21108025 	 21108133 	 108
2L	21119867 	 21120815 	 948
2L 	 21126084 	 21126196 	 112
2L	21129321 	 21134770 	 5449
2L	21141454 	 21141562 	 108
2L	21147603 	 21147654 	 51
2L	21158104 	 21161618 	 3514
2L 	 21198303 	 21198397 	 94
2L 	 21211142 	 21211263 	 121
2L	21253454 	 21253634 	 180
2L	21256616 	 21269578 	 12962
2L	21271315 	 21275888 	 4573
2L	21279220 	 21279501 	 281
2L	21286355 	 21335518 	 49163
2L	21364357 	 21364477 	 120
2L 	 21366682 	 21366783 	 101
2L 	 21381642 	 21381764 	 122
2L 	 21401959 	 21402073 	 114
2L 	 21415359 	 21415470 	 111
2L 	 21416490 	 21416536 	 46
2L 	 21422094 	 21422204 	 110
2L 	 21423468 	 21423567 	 99
2L 	 21433633 	 21433742 	 109
2L 	 21435768 	 21435881 	 113
2L 	 21469524 	 21469636 	 112
2L	21471578 	 21471960 	 382
2L 	 21476573 	 21476649 	 76
2L 	 21480556 	 21480617 	 61
2L 	 21483015 	 21483020 	 5
2L 	 21485447 	 21485538 	 91
2L 	 21510940 	 21511004 	 64
2L 	 21511999 	 21512112 	 113
2L 	 21534741 	 21534805 	 64
2L 	 21541949 	 21542014 	 65
2L 	 21549221 	 21549252 	 31
2L 	 21551971 	 21552044 	 73
2L 	 21552960 	 21553041 	 81
2L 	 21576443 	 21576477 	 34
2L 	 21586986 	 21587097 	 111
2L 	 21590171 	 21590262 	 91
2L 	 21598808 	 21598918 	 110
2L	21617188 	 21618838 	 1650
2L	21620319 	 21620484 	 165
2L	21648942 	 21651976 	 3034
2L	21663132 	 21671392 	 8260
2L	21681483 	 21682817 	 1334
2L 	 21696487 	 21696520 	 33
2L 	 21703683 	 21703798 	 115
2L	21709639 	 21709695 	 56
2L	21710377 	 21714753 	 4376
2L 	 21745412 	 21745535 	 123
2L 	 21748221 	 21748334 	 113
2L 	 21773714 	 21773815 	 101
2L	21779419 	 21791333 	 11914
2L	21818058 	 21823377 	 5319
2L	21833969 	 21848172 	 14203
2L	21852534 	 21853114 	 580
2L	21878241 	 21895906 	 17665
2L	21898835 	 21909280 	 10445
2L	21915609 	 21916432 	 823
2L	21921802 	 21921872 	 70
2L 	 21955298 	 21955416 	 118
2L	21963230 	 21963710 	 480
2L	21964947 	 21971915 	 6968
2L 	 21972985 	 21973041 	 56
2L 	 21991068 	 21991181 	 113
2L 	 22000873 	 22000990 	 117
2L	22005962 	 22012023 	 6061
2L	22020626 	 22020770 	 144
2L	22056096 	 22067491 	 11395
2L 	 22072390 	 22072432 	 42
2L 	 22082717 	 22082802 	 85
2L 	 22095469 	 22095567 	 98
2L	22122136 	 22122302 	 166
2L	22124194 	 22126332 	 2138
2L	22130774 	 22132470 	 1696
2L	22149543 	 22155266 	 5723
2L	22167678 	 22179003 	 11325
2L 	 22199789 	 22199850 	 61
2L 	 22203561 	 22203651 	 90
2L 	 22220053 	 22220162 	 109
2L	22220895 	 22220966 	 71
2L 	 22232191 	 22232273 	 82
2L	22235050 	 22237314 	 2264
2L 	 22279199 	 22279260 	 61
2L	22291661 	 22313211 	 21550
2L	22315804 	 22315887 	 83
2L 	 22318595 	 22318714 	 119
2L	22319607 	 22319793 	 186
2L	22354652 	 22355018 	 366
2L 	 22359152 	 22359192 	 40
2L 	 22377175 	 22377298 	 123
2L 	 22407443 	 22407560 	 117
2L 	 22420341 	 22420440 	 99
2L	22421247 	 22421765 	 518
2L 	 22424064 	 22424123 	 59
2L 	 22426866 	 22426911 	 45
2L 	 22427791 	 22427912 	 121
2L 	 22427804 	 22427850 	 46
2L 	 22429021 	 22429102 	 81
2L 	 22439009 	 22439090 	 81
2L 	 22447773 	 22447892 	 119
2L 	 22490363 	 22490484 	 121
2L 	 22514297 	 22514418 	 121
2L	22522349 	 22524646 	 2297
2L	22531036 	 22535308 	 4272
2L 	 22565680 	 22565780 	 100
2L 	 22597226 	 22597324 	 98
2L 	 22603296 	 22603409 	 113
2L 	 22603372 	 22603409 	 37
2L 	 22605963 	 22606079 	 116
2L 	 22609673 	 22609765 	 92
2L 	 22611391 	 22611502 	 111
2L 	 22620785 	 22620876 	 91
2L 	 22623724 	 22623841 	 117
2L 	 22624682 	 22624791 	 109
2L	22645104 	 22645830 	 726
2L	22662751 	 22662908 	 157
2L	22663845 	 22670804 	 6959
2L	22673629 	 22675643 	 2014
2L 	 22676072 	 22676196 	 124
2L 	 22697497 	 22697527 	 30
2L 	 22741253 	 22741295 	 42
2L 	 22743117 	 22743227 	 110
2L	22746693 	 22753224 	 6531
2L	22761614 	 22764334 	 2720
2L 	 22793911 	 22793986 	 75
2L 	 22797299 	 22797359 	 60
2L 	 22799802 	 22799868 	 66
2L 	 22803804 	 22803854 	 50
2L 	 22812841 	 22812943 	 102
2L 	 22818149 	 22818181 	 32
2L 	 22854315 	 22854420 	 105
2L 	 22856215 	 22856272 	 57
2L 	 22863978 	 22864069 	 91
2L 	 22872407 	 22872464 	 57
2L 	 22876730 	 22876765 	 35
2L 	 22905956 	 22906016 	 60
2L 	 22925941 	 22926041 	 100
2L 	 22935847 	 22935886 	 39
2L 	 22937842 	 22937904 	 62
2L	22984655 	 22985455 	 800
2L 	 22986396 	 22986520 	 124
2L	23022136 	 23022686 	 550
2L	23028809 	 23036254 	 7445
2L 	 23058252 	 23058323 	 71
2L 	 23068911 	 23068948 	 37
2L 	 23072467 	 23072576 	 109
2L 	 23096965 	 23097007 	 42
2L 	 23100924 	 23101008 	 84
2L 	 23107901 	 23107959 	 58
2L 	 23110855 	 23110932 	 77
2L 	 23143200 	 23143231 	 31
2L 	 23148322 	 23148435 	 113
2L	23169889 	 23170211 	 322
2L 	 23183844 	 23183911 	 67
2L 	 23191092 	 23191151 	 59
2L 	 23195971 	 23196027 	 56
2L 	 23198470 	 23198563 	 93
2L 	 23200925 	 23200958 	 33
2L 	 23209122 	 23209243 	 121
2L 	 23213425 	 23213547 	 122
2L	23231377 	 23232010 	 633
2L 	 23236489 	 23236608 	 119
2L	23239202 	 23239290 	 88
2L 	 23242766 	 23242883 	 117
2L 	 23248406 	 23248468 	 62
2L 	 23254138 	 23254229 	 91
2L 	 23255977 	 23256063 	 86
2L 	 23264363 	 23264412 	 49
2L 	 23267768 	 23267816 	 48
2L 	 23279429 	 23279543 	 114
2L 	 23282362 	 23282481 	 119
2L 	 23287696 	 23287819 	 123
2L	23313679 	 23317362 	 3683
2L	23320628 	 23320711 	 83
2L	23343042 	 23343582 	 540
2L 	 23348851 	 23348906 	 55
2L 	 23377926 	 23377996 	 70
2L	23378566 	 23378712 	 146
2L 	 23392340 	 23392398 	 58
2L	23392672 	 23393120 	 448
2L	23396863 	 23397453 	 590
2L 	 23416160 	 23416216 	 56
2L 	 23418494 	 23418564 	 70
2L 	 23458988 	 23459092 	 104
2L 	 23470555 	 23470669 	 114
2L 	 23472729 	 23472815 	 86
2L 	 23491194 	 23491241 	 47
2L	23504046 	 23504872 	 826
2R	4560 	 4631 	 71
2R 	 23840 	 23877 	 37
2R 	 24394 	 24426 	 32
2R 	 25513 	 25600 	 87
2R 	 25552 	 25600 	 48
2R 	 30278 	 30365 	 87
2R	30853 	 31308 	 455
2R 	 35468 	 35507 	 39
2R 	 42379 	 42502 	 123
2R 	 73762 	 73884 	 122
2R	81455 	 81974 	 519
2R 	 85633 	 85672 	 39
2R 	 88456 	 88555 	 99
2R 	 91647 	 91728 	 81
2R 	 94953 	 94984 	 31
2R 	 124028 	 124149 	 121
2R 	 126044 	 126162 	 118
2R 	 129950 	 129985 	 35
2R	149170 	 163343 	 14173
2R 	 207534 	 207565 	 31
2R 	 231788 	 231908 	 120
2R 	 255831 	 255948 	 117
2R	291584 	 292027 	 443
2R	297767 	 300545 	 2778
2R 	 320473 	 320568 	 95
2R 	 338508 	 338543 	 35
2R 	 366605 	 366662 	 57
2R 	 386844 	 386968 	 124
2R 	 405952 	 406011 	 59
2R 	 416756 	 416773 	 17
2R 	 426215 	 426327 	 112
2R 	 452795 	 452864 	 69
2R 	 495447 	 495481 	 34
2R 	 495917 	 496009 	 92
2R	509962 	 510692 	 730
2R 	 511134 	 511201 	 67
2R	518471 	 518840 	 369
2R 	 531692 	 531744 	 52
2R	542657 	 545584 	 2927
2R 	 572392 	 572434 	 42
2R	577619 	 577698 	 79
2R 	 579000 	 579087 	 87
2R 	 588439 	 588478 	 39
2R 	 598197 	 598276 	 79
2R 	 603535 	 603584 	 49
2R 	 620089 	 620212 	 123
2R	634269 	 639433 	 5164
2R	643204 	 643431 	 227
2R	654202 	 658355 	 4153
2R	659242 	 659472 	 230
2R 	 711173 	 711297 	 124
2R 	 713562 	 713683 	 121
2R 	 751150 	 751237 	 87
2R 	 757008 	 757049 	 41
2R 	 760906 	 761026 	 120
2R 	 766459 	 766563 	 104
2R 	 773613 	 773681 	 68
2R 	 775441 	 775473 	 32
2R 	 785055 	 785124 	 69
2R 	 788564 	 788623 	 59
2R 	 791920 	 791989 	 69
2R 	 815263 	 815306 	 43
2R 	 818439 	 818479 	 40
2R 	 826377 	 826472 	 95
2R	840247 	 840315 	 68
2R 	 841567 	 841685 	 118
2R 	 859110 	 859178 	 68
2R 	 877164 	 877231 	 67
2R	945319 	 953382 	 8063
2R 	 990717 	 990767 	 50
2R 	 995301 	 995401 	 100
2R 	 1006369 	 1006472 	 103
2R	1007463 	 1008476 	 1013
2R 	 1016694 	 1016803 	 109
2R	1031976 	 1032056 	 80
2R	1042602 	 1044715 	 2113
2R	1051195 	 1053465 	 2270
2R 	 1059926 	 1060048 	 122
2R	1069971 	 1072190 	 2219
2R 	 1086230 	 1086264 	 34
2R 	 1123039 	 1123141 	 102
2R	1149295 	 1151136 	 1841
2R 	 1164310 	 1164417 	 107
2R 	 1169043 	 1169107 	 64
2R 	 1169106 	 1169182 	 76
2R 	 1169174 	 1169221 	 47
2R 	 1197918 	 1198038 	 120
2R 	 1211935 	 1212033 	 98
2R 	 1226667 	 1226785 	 118
2R 	 1241508 	 1241564 	 56
2R 	 1271180 	 1271235 	 55
2R 	 1279430 	 1279468 	 38
2R	1280941 	 1281131 	 190
2R 	 1288542 	 1288635 	 93
2R	1290501 	 1293675 	 3174
2R 	 1301157 	 1301254 	 97
2R 	 1309510 	 1309631 	 121
2R 	 1414053 	 1414095 	 42
2R	1421048 	 1431006 	 9958
2R 	 1453823 	 1453943 	 120
2R 	 1455101 	 1455200 	 99
2R	1472350 	 1472450 	 100
2R 	 1473731 	 1473829 	 98
2R 	 1484121 	 1484232 	 111
2R 	 1485357 	 1485481 	 124
2R 	 1537672 	 1537773 	 101
2R 	 1556010 	 1556127 	 117
2R 	 1559840 	 1559918 	 78
2R 	 1570659 	 1570750 	 91
2R	1576425 	 1581584 	 5159
2R 	 1589257 	 1589297 	 40
2R 	 1621467 	 1621507 	 40
2R 	 1626917 	 1627039 	 122
2R 	 1633973 	 1634077 	 104
2R 	 1637505 	 1637622 	 117
2R	1639804 	 1648022 	 8218
2R 	 1671885 	 1671980 	 95
2R 	 1680353 	 1680410 	 57
2R 	 1681573 	 1681636 	 63
2R	1683308 	 1685835 	 2527
2R	1696217 	 1696401 	 184
2R 	 1707045 	 1707080 	 35
2R 	 1716023 	 1716083 	 60
2R 	 1722658 	 1722700 	 42
2R	1725655 	 1726992 	 1337
2R	1732258 	 1734247 	 1989
2R	1738432 	 1738481 	 49
2R 	 1745938 	 1746003 	 65
2R 	 1758044 	 1758105 	 61
2R 	 1795125 	 1795158 	 33
2R 	 1806646 	 1806740 	 94
2R 	 1828552 	 1828628 	 76
2R 	 1829974 	 1830066 	 92
2R 	 1839090 	 1839209 	 119
2R 	 1865390 	 1865499 	 109
2R 	 1870858 	 1870936 	 78
2R 	 1883919 	 1884035 	 116
2R 	 1885041 	 1885091 	 50
2R	1891892 	 1897229 	 5337
2R 	 1902957 	 1903001 	 44
2R	1906191 	 1908572 	 2381
2R 	 1932900 	 1932982 	 82
2R 	 1941014 	 1941134 	 120
2R 	 1970225 	 1970335 	 110
2R 	 1998011 	 1998121 	 110
2R 	 2006264 	 2006369 	 105
2R 	 2058431 	 2058550 	 119
2R 	 2065510 	 2065634 	 124
2R 	 2084796 	 2084906 	 110
2R 	 2086561 	 2086676 	 115
2R 	 2098657 	 2098754 	 97
2R 	 2099221 	 2099262 	 41
2R 	 2101207 	 2101292 	 85
2R 	 2101999 	 2102088 	 89
2R 	 2104123 	 2104217 	 94
2R 	 2111635 	 2111676 	 41
2R 	 2119819 	 2119865 	 46
2R	2127988 	 2131098 	 3110
2R 	 2133712 	 2133771 	 59
2R 	 2142608 	 2142731 	 123
2R 	 2151039 	 2151151 	 112
2R 	 2163043 	 2163120 	 77
2R	2173198 	 2173348 	 150
2R 	 2181100 	 2181140 	 40
2R 	 2201594 	 2201646 	 52
2R	2213642 	 2213716 	 74
2R 	 2220092 	 2220211 	 119
2R 	 2220593 	 2220652 	 59
2R 	 2231622 	 2231689 	 67
2R 	 2232102 	 2232174 	 72
2R 	 2250964 	 2251071 	 107
2R 	 2254959 	 2255031 	 72
2R 	 2316897 	 2316969 	 72
2R 	 2333592 	 2333667 	 75
2R 	 2347305 	 2347402 	 97
2R 	 2352617 	 2352702 	 85
2R 	 2379028 	 2379081 	 53
2R 	 2398289 	 2398384 	 95
2R 	 2401040 	 2401157 	 117
2R 	 2408636 	 2408691 	 55
2R 	 2442765 	 2442830 	 65
2R 	 2453073 	 2453112 	 39
2R 	 2456126 	 2456164 	 38
2R 	 2459696 	 2459784 	 88
2R 	 2482531 	 2482570 	 39
2R 	 2485800 	 2485885 	 85
2R 	 2504913 	 2504956 	 43
2R 	 2517125 	 2517243 	 118
2R 	 2543177 	 2543260 	 83
2R 	 2559064 	 2559166 	 102
2R 	 2572099 	 2572151 	 52
2R 	 2606947 	 2607067 	 120
2R	2615038 	 2617951 	 2913
2R	2626311 	 2626356 	 45
2R	2640616 	 2645209 	 4593
2R 	 2657370 	 2657472 	 102
2R 	 2673317 	 2673391 	 74
2R 	 2709892 	 2709928 	 36
2R 	 2716816 	 2716905 	 89
2R 	 2720997 	 2721097 	 100
2R	2722969 	 2723040 	 71
2R 	 2763468 	 2763555 	 87
2R 	 2769136 	 2769196 	 60
2R 	 2781118 	 2781184 	 66
2R 	 2782176 	 2782228 	 52
2R	2812597 	 2813536 	 939
2R 	 2825351 	 2825420 	 69
2R 	 2835929 	 2835970 	 41
2R 	 2837340 	 2837430 	 90
2R 	 2848509 	 2848625 	 116
2R 	 2860589 	 2860648 	 59
2R 	 2881899 	 2882008 	 109
2R 	 2908317 	 2908396 	 79
2R	2943944 	 2954941 	 10997
2R	2958106 	 2966203 	 8097
2R 	 2994825 	 2994911 	 86
2R 	 2998400 	 2998507 	 107
2R 	 3002907 	 3002946 	 39
2R 	 3012221 	 3012342 	 121
2R 	 3029594 	 3029721 	 127
2R 	 3038653 	 3038719 	 66
2R	3050066 	 3056034 	 5968
2R	3066068 	 3067411 	 1343
2R	3095250 	 3098152 	 2902
2R	3108500 	 3108580 	 80
2R 	 3110454 	 3110581 	 127
2R 	 3127128 	 3127230 	 102
2R 	 3148032 	 3148136 	 104
2R 	 3163480 	 3163607 	 127
2R	3175444 	 3181086 	 5642
2R	3181948 	 3182065 	 117
2R 	 3188205 	 3188318 	 113
2R 	 3198934 	 3198982 	 48
2R 	 3214977 	 3215010 	 33
2R 	 3215891 	 3215974 	 83
2R 	 3218942 	 3218994 	 52
2R 	 3225583 	 3225627 	 44
2R 	 3228717 	 3228825 	 108
2R 	 3231093 	 3231139 	 46
2R 	 3238177 	 3238208 	 31
2R 	 3274871 	 3274947 	 76
2R 	 3284368 	 3284406 	 38
2R 	 3286065 	 3286155 	 90
2R	3286286 	 3294260 	 7974
2R 	 3298250 	 3298314 	 64
2R 	 3319939 	 3320001 	 62
2R 	 3327837 	 3327939 	 102
2R 	 3354187 	 3354273 	 86
2R 	 3354265 	 3354315 	 50
2R 	 3365942 	 3366022 	 80
2R 	 3365991 	 3366022 	 31
2R 	 3375779 	 3375874 	 95
2R 	 3392880 	 3392963 	 83
2R 	 3401966 	 3402012 	 46
2R 	 3402349 	 3402441 	 92
2R 	 3413047 	 3413165 	 118
2R 	 3416244 	 3416365 	 121
2R 	 3421586 	 3421669 	 83
2R 	 3421724 	 3421819 	 95
2R	3434506 	 3434561 	 55
2R 	 3441464 	 3441498 	 34
2R 	 3466370 	 3466479 	 109
2R	3487741 	 3493051 	 5310
2R	3505166 	 3506311 	 1145
2R 	 3506743 	 3506839 	 96
2R 	 3529910 	 3530030 	 120
2R 	 3533554 	 3533627 	 73
2R	3554280 	 3558219 	 3939
2R 	 3562389 	 3562492 	 103
2R 	 3572061 	 3572141 	 80
2R	3576433 	 3584761 	 8328
2R 	 3593155 	 3593276 	 121
2R 	 3608176 	 3608274 	 98
2R	3614735 	 3616364 	 1629
2R 	 3619725 	 3619810 	 85
2R 	 3622732 	 3622812 	 80
2R 	 3630612 	 3630729 	 117
2R 	 3643218 	 3643296 	 78
2R 	 3643374 	 3643415 	 41
2R 	 3650432 	 3650486 	 54
2R 	 3653691 	 3653723 	 32
2R 	 3670025 	 3670148 	 123
2R 	 3672181 	 3672267 	 86
2R 	 3693926 	 3694039 	 113
2R 	 3717405 	 3717457 	 52
2R 	 3726029 	 3726130 	 101
2R 	 3732779 	 3732841 	 62
2R 	 3736264 	 3736324 	 60
2R 	 3750547 	 3750664 	 117
2R 	 3754241 	 3754340 	 99
2R 	 3759667 	 3759708 	 41
2R 	 3762609 	 3762731 	 122
2R 	 3772507 	 3772556 	 49
2R 	 3781922 	 3781954 	 32
2R 	 3793356 	 3793433 	 77
2R 	 3794141 	 3794241 	 100
2R 	 3819922 	 3820020 	 98
2R 	 3825702 	 3825822 	 120
2R 	 3828933 	 3829016 	 83
2R 	 3836225 	 3836286 	 61
2R 	 3849236 	 3849357 	 121
2R 	 3851595 	 3851702 	 107
2R 	 3853497 	 3853613 	 116
2R 	 3855634 	 3855738 	 104
2R 	 3869599 	 3869643 	 44
2R 	 3874711 	 3874771 	 60
2R 	 3887988 	 3888018 	 30
2R 	 3891331 	 3891433 	 102
2R	3901408 	 3901876 	 468
2R	3928522 	 3928574 	 52
2R	3930112 	 3931403 	 1291
2R 	 3942000 	 3942051 	 51
2R 	 3966486 	 3966600 	 114
2R 	 3967114 	 3967224 	 110
2R 	 3969708 	 3969797 	 89
2R 	 3982822 	 3982897 	 75
2R 	 3983801 	 3983840 	 39
2R	4001890 	 4002028 	 138
2R	4025072 	 4025123 	 51
2R 	 4057845 	 4057887 	 42
2R 	 4059790 	 4059876 	 86
2R 	 4062720 	 4062774 	 54
2R 	 4077757 	 4077797 	 40
2R 	 4079901 	 4079950 	 49
2R 	 4082810 	 4082883 	 73
2R 	 4091331 	 4091404 	 73
2R	4091598 	 4091883 	 285
2R 	 4098067 	 4098188 	 121
2R 	 4105825 	 4105917 	 92
2R 	 4143213 	 4143332 	 119
2R 	 4150992 	 4151107 	 115
2R 	 4169385 	 4169507 	 122
2R 	 4175740 	 4175770 	 30
2R 	 4178862 	 4178974 	 112
2R 	 4179417 	 4179470 	 53
2R 	 4197948 	 4198024 	 76
2R	4203915 	 4206142 	 2227
2R 	 4207379 	 4207496 	 117
2R 	 4216594 	 4216710 	 116
2R 	 4228000 	 4228074 	 74
2R 	 4262303 	 4262381 	 78
2R	4265088 	 4265319 	 231
2R 	 4289506 	 4289616 	 110
2R 	 4303232 	 4303346 	 114
2R 	 4350260 	 4350340 	 80
2R 	 4363645 	 4363692 	 47
2R 	 4377521 	 4377627 	 106
2R	4412561 	 4412782 	 221
2R 	 4423586 	 4423628 	 42
2R 	 4457593 	 4457636 	 43
2R 	 4458503 	 4458588 	 85
2R 	 4461922 	 4461994 	 72
2R 	 4462261 	 4462316 	 55
2R 	 4471976 	 4472085 	 109
2R 	 4477579 	 4477700 	 121
2R 	 4485810 	 4485896 	 86
2R 	 4500369 	 4500476 	 107
2R 	 4545430 	 4545545 	 115
2R 	 4580933 	 4581018 	 85
2R	4588958 	 4589645 	 687
2R 	 4610921 	 4611017 	 96
2R 	 4628582 	 4628654 	 72
2R 	 4642673 	 4642783 	 110
2R 	 4643176 	 4643296 	 120
2R 	 4645497 	 4645577 	 80
2R 	 4645963 	 4646060 	 97
2R 	 4650760 	 4650861 	 101
2R	4653763 	 4654037 	 274
2R 	 4654453 	 4654521 	 68
2R 	 4664349 	 4664412 	 63
2R	4692315 	 4700869 	 8554
2R	4702074 	 4704030 	 1956
2R	4705307 	 4711246 	 5939
2R 	 4715583 	 4715705 	 122
2R	4716770 	 4717960 	 1190
2R 	 4762912 	 4762965 	 53
2R 	 4767643 	 4767674 	 31
2R 	 4815545 	 4815668 	 123
2R 	 4851869 	 4851971 	 102
2R 	 4874000 	 4874041 	 41
2R 	 4874705 	 4874786 	 81
2R	4904203 	 4905353 	 1150
2R	4918938 	 4919026 	 88
2R 	 4927978 	 4928072 	 94
2R	4946622 	 4948281 	 1659
2R 	 4964698 	 4964739 	 41
2R 	 4986655 	 4986778 	 123
2R 	 4990258 	 4990295 	 37
2R	4997723 	 4997931 	 208
2R 	 5000869 	 5000912 	 43
2R 	 5019299 	 5019383 	 84
2R 	 5019439 	 5019501 	 62
2R 	 5021321 	 5021388 	 67
2R	5039871 	 5040261 	 390
2R 	 5048746 	 5048853 	 107
2R	5055524 	 5072982 	 17458
2R 	 5073763 	 5073862 	 99
2R 	 5074526 	 5074650 	 124
2R 	 5092823 	 5092946 	 123
2R	5128399 	 5128831 	 432
2R	5136793 	 5140676 	 3883
2R	5147389 	 5147950 	 561
2R 	 5165645 	 5165747 	 102
2R 	 5175971 	 5176078 	 107
2R 	 5225695 	 5225800 	 105
2R 	 5228032 	 5228135 	 103
2R 	 5228856 	 5228937 	 81
2R 	 5240997 	 5241095 	 98
2R	5257037 	 5259862 	 2825
2R	5260311 	 5264723 	 4412
2R	5279844 	 5280015 	 171
2R 	 5283749 	 5283862 	 113
2R 	 5289714 	 5289749 	 35
2R	5310415 	 5310816 	 401
2R	5364516 	 5367061 	 2545
2R 	 5381975 	 5382068 	 93
2R 	 5387455 	 5387564 	 109
2R 	 5406024 	 5406065 	 41
2R	5455762 	 5456277 	 515
2R	5483329 	 5483925 	 596
2R 	 5502965 	 5503066 	 101
2R	5536294 	 5536731 	 437
2R 	 5551188 	 5551297 	 109
2R 	 5576512 	 5576599 	 87
2R	5597979 	 5603038 	 5059
2R 	 5608576 	 5608687 	 111
2R 	 5622483 	 5622571 	 88
2R 	 5627167 	 5627250 	 83
2R	5634447 	 5634737 	 290
2R	5645493 	 5646501 	 1008
2R 	 5674390 	 5674483 	 93
2R	5682348 	 5683104 	 756
2R 	 5690573 	 5690676 	 103
2R	5768443 	 5768620 	 177
2R	5785745 	 5787354 	 1609
2R	5816484 	 5817182 	 698
2R 	 5820552 	 5820664 	 112
2R	5827281 	 5828757 	 1476
2R	5844474 	 5844952 	 478
2R	5846915 	 5852740 	 5825
2R 	 5859287 	 5859391 	 104
2R	5864389 	 5867057 	 2668
2R 	 5867318 	 5867401 	 83
2R 	 5871263 	 5871385 	 122
2R	5880143 	 5880192 	 49
2R 	 5880632 	 5880755 	 123
2R	5887196 	 5896720 	 9524
2R 	 5905793 	 5905882 	 89
2R 	 5907820 	 5907923 	 103
2R 	 5922252 	 5922373 	 121
2R	5946477 	 5946983 	 506
2R	5953988 	 5964494 	 10506
2R 	 5967137 	 5967257 	 120
2R	5967781 	 5968947 	 1166
2R 	 5976903 	 5977027 	 124
2R 	 5977696 	 5977820 	 124
2R 	 5997234 	 5997358 	 124
2R	6001684 	 6019943 	 18259
2R	6022114 	 6022237 	 123
2R	6024211 	 6025154 	 943
2R	6040395 	 6044257 	 3862
2R 	 6045200 	 6045296 	 96
2R 	 6045347 	 6045377 	 30
2R 	 6098102 	 6098206 	 104
2R 	 6100508 	 6100579 	 71
2R	6114206 	 6114711 	 505
2R	6125026 	 6125481 	 455
2R 	 6128129 	 6128252 	 123
2R	6134381 	 6144437 	 10056
2R	6167785 	 6169141 	 1356
2R	6177282 	 6198589 	 21307
2R 	 6226155 	 6226278 	 123
2R	6254985 	 6259424 	 4439
2R 	 6271042 	 6271096 	 54
2R	6322527 	 6324983 	 2456
2R 	 6329180 	 6329252 	 72
2R 	 6330739 	 6330822 	 83
2R 	 6335000 	 6335072 	 72
2R 	 6347202 	 6347304 	 102
2R 	 6348511 	 6348616 	 105
2R	6355877 	 6359563 	 3686
2R 	 6365580 	 6365613 	 33
2R	6372631 	 6372847 	 216
2R 	 6382434 	 6382472 	 38
2R 	 6383805 	 6383853 	 48
2R 	 6387128 	 6387216 	 88
2R 	 6413778 	 6413817 	 39
2R 	 6415149 	 6415233 	 84
2R 	 6435668 	 6435702 	 34
2R 	 6448113 	 6448197 	 84
2R 	 6453755 	 6453787 	 32
2R	6459905 	 6463801 	 3896
2R	6465220 	 6465729 	 509
2R 	 6471161 	 6471255 	 94
2R 	 6474972 	 6475007 	 35
2R 	 6478603 	 6478723 	 120
2R 	 6485788 	 6485823 	 35
2R 	 6491036 	 6491133 	 97
2R 	 6518910 	 6519019 	 109
2R	6520585 	 6530856 	 10271
2R	6538075 	 6543413 	 5338
2R	6550902 	 6556005 	 5103
2R	6561998 	 6562189 	 191
2R	6564035 	 6568049 	 4014
2R 	 6580220 	 6580268 	 48
2R	6626273 	 6626694 	 421
2R	6631729 	 6631820 	 91
2R 	 6651634 	 6651734 	 100
2R	6683592 	 6683720 	 128
2R 	 6707969 	 6708083 	 114
2R	6798014 	 6806840 	 8826
2R	6834494 	 6835531 	 1037
2R	6844683 	 6844736 	 53
2R 	 6941827 	 6941935 	 108
2R 	 6942641 	 6942755 	 114
2R	6950224 	 6950314 	 90
2R	6952451 	 6952552 	 101
2R 	 6952968 	 6953034 	 66
2R 	 6955729 	 6955798 	 69
2R 	 6956795 	 6956888 	 93
2R 	 6957212 	 6957308 	 96
2R 	 6959285 	 6959381 	 96
2R 	 6959630 	 6959741 	 111
2R 	 6978472 	 6978594 	 122
2R 	 7055851 	 7055971 	 120
2R 	 7065613 	 7065717 	 104
2R	7110483 	 7112961 	 2478
2R	7133267 	 7153507 	 20240
2R	7163662 	 7171517 	 7855
2R 	 7183520 	 7183638 	 118
2R 	 7194043 	 7194107 	 64
2R 	 7200643 	 7200678 	 35
2R 	 7208243 	 7208305 	 62
2R 	 7213684 	 7213760 	 76
2R	7231247 	 7231620 	 373
2R 	 7240342 	 7240434 	 92
2R 	 7241691 	 7241815 	 124
2R	7246547 	 7254989 	 8442
2R 	 7258881 	 7258981 	 100
2R 	 7274283 	 7274399 	 116
2R	7311009 	 7311196 	 187
2R	7317349 	 7318666 	 1317
2R 	 7325331 	 7325453 	 122
2R	7328186 	 7331319 	 3133
2R 	 7341564 	 7341672 	 108
2R	7357086 	 7360065 	 2979
2R	7372393 	 7373139 	 746
2R	7398259 	 7399654 	 1395
2R 	 7423286 	 7423399 	 113
2R 	 7437111 	 7437227 	 116
2R 	 7438614 	 7438676 	 62
2R	7450219 	 7455447 	 5228
2R	7487725 	 7488077 	 352
2R	7509561 	 7515905 	 6344
2R 	 7518348 	 7518452 	 104
2R	7555324 	 7565383 	 10059
2R 	 7571620 	 7571660 	 40
2R 	 7573382 	 7573468 	 86
2R 	 7596211 	 7596325 	 114
2R 	 7611381 	 7611483 	 102
2R	7643059 	 7644180 	 1121
2R 	 7655358 	 7655467 	 109
2R	7686277 	 7689685 	 3408
2R 	 7716974 	 7717073 	 99
2R 	 7728128 	 7728251 	 123
2R	7739143 	 7740232 	 1089
2R	7774495 	 7774624 	 129
2R	7782628 	 7790263 	 7635
2R	7795934 	 7813682 	 17748
2R 	 7817487 	 7817537 	 50
2R 	 7883326 	 7883447 	 121
2R	7893205 	 7893967 	 762
2R	7919829 	 7920004 	 175
2R 	 7930207 	 7930328 	 121
2R	7941416 	 7958784 	 17368
2R	7964001 	 7969548 	 5547
2R 	 7984431 	 7984530 	 99
2R 	 7993168 	 7993285 	 117
2R	8003391 	 8003472 	 81
2R 	 8003841 	 8003960 	 119
2R 	 8006430 	 8006552 	 122
2R 	 8034213 	 8034268 	 55
2R 	 8034347 	 8034418 	 71
2R 	 8061105 	 8061229 	 124
2R	8089097 	 8089742 	 645
2R 	 8103538 	 8103655 	 117
2R 	 8113106 	 8113222 	 116
2R	8134559 	 8135767 	 1208
2R 	 8140504 	 8140597 	 93
2R 	 8155257 	 8155379 	 122
2R 	 8321162 	 8321283 	 121
2R	8327269 	 8334340 	 7071
2R	8340445 	 8356240 	 15795
2R 	 8415454 	 8415565 	 111
2R	8461779 	 8463049 	 1270
2R 	 8475582 	 8475688 	 106
2R 	 8545730 	 8545828 	 98
2R	8619638 	 8623518 	 3880
2R 	 8670728 	 8670832 	 104
2R	8672597 	 8673347 	 750
2R 	 8688484 	 8688584 	 100
2R	8736007 	 8737345 	 1338
2R 	 8743195 	 8743308 	 113
2R 	 8743827 	 8743945 	 118
2R 	 8781335 	 8781444 	 109
2R 	 8783390 	 8783453 	 63
2R	8785453 	 8786198 	 745
2R 	 8792951 	 8793051 	 100
2R 	 8826839 	 8826937 	 98
2R 	 8828653 	 8828751 	 98
2R	8841597 	 8847310 	 5713
2R 	 8885821 	 8885919 	 98
2R	8903279 	 8905420 	 2141
2R	8920200 	 8935839 	 15639
2R	8946588 	 8947725 	 1137
2R 	 8977868 	 8977990 	 122
2R	9005053 	 9007957 	 2904
2R	9009506 	 9009583 	 77
2R	9014161 	 9016188 	 2027
2R 	 9053637 	 9053751 	 114
2R	9062620 	 9063364 	 744
2R	9076493 	 9080208 	 3715
2R 	 9094097 	 9094199 	 102
2R	9096421 	 9115853 	 19432
2R	9162644 	 9162878 	 234
2R 	 9178196 	 9178304 	 108
2R	9201592 	 9202325 	 733
2R	9209125 	 9216829 	 7704
2R	9315658 	 9326736 	 11078
2R	9340948 	 9351096 	 10148
2R	9378361 	 9379781 	 1420
2R 	 9382997 	 9383114 	 117
2R	9421477 	 9425157 	 3680
2R	9427587 	 9432186 	 4599
2R 	 9499310 	 9499421 	 111
2R	9508095 	 9509248 	 1153
2R 	 9512810 	 9512931 	 121
2R	9526613 	 9535790 	 9177
2R 	 9565272 	 9565389 	 117
2R	9567606 	 9570384 	 2778
2R	9586453 	 9590986 	 4533
2R	9626197 	 9626541 	 344
2R	9643146 	 9648264 	 5118
2R 	 9662336 	 9662455 	 119
2R	9672147 	 9674323 	 2176
2R 	 9703500 	 9703585 	 85
2R 	 9703636 	 9703678 	 42
2R	9764186 	 9764248 	 62
2R	9781254 	 9782978 	 1724
2R	9790834 	 9793060 	 2226
2R 	 9812926 	 9813047 	 121
2R 	 9826023 	 9826135 	 112
2R	9850703 	 9851382 	 679
2R 	 9871365 	 9871444 	 79
2R 	 9947309 	 9947423 	 114
2R	9947919 	 9950360 	 2441
2R 	 9959858 	 9959979 	 121
2R	9966332 	 9968446 	 2114
2R 	 9985271 	 9985374 	 103
2R	9986429 	 9991720 	 5291
2R	9993668 	 9995009 	 1341
2R	10037307 	 10038689 	 1382
2R	10064999 	 10065463 	 464
2R 	 10083262 	 10083364 	 102
2R	10088715 	 10089554 	 839
2R	10097534 	 10099881 	 2347
2R	10119267 	 10119808 	 541
2R	10130448 	 10131161 	 713
2R 	 10154571 	 10154695 	 124
2R	10186279 	 10186670 	 391
2R	10207994 	 10214510 	 6516
2R 	 10222771 	 10222875 	 104
2R 	 10237727 	 10237837 	 110
2R	10259231 	 10261743 	 2512
2R 	 10271577 	 10271679 	 102
2R	10335895 	 10347040 	 11145
2R	10354698 	 10354749 	 51
2R	10366855 	 10371386 	 4531
2R	10429781 	 10430460 	 679
2R	10462407 	 10464081 	 1674
2R 	 10471069 	 10471184 	 115
2R	10475741 	 10476932 	 1191
2R 	 10497645 	 10497767 	 122
2R	10537327 	 10543793 	 6466
2R 	 10543793 	 10543864 	 71
2R	10564455 	 10565009 	 554
2R	10568559 	 10568625 	 66
2R	10569381 	 10569474 	 93
2R 	 10578566 	 10578675 	 109
2R	10646536 	 10657864 	 11328
2R 	 10664902 	 10664996 	 94
2R 	 10671258 	 10671382 	 124
2R	10726840 	 10730555 	 3715
2R	10733711 	 10734057 	 346
2R	10747837 	 10748408 	 571
2R	10754619 	 10757513 	 2894
2R	10762648 	 10763240 	 592
2R 	 10777471 	 10777582 	 111
2R 	 10802238 	 10802338 	 100
2R	10829596 	 10831069 	 1473
2R	10852454 	 10857877 	 5423
2R	10870804 	 10871241 	 437
2R 	 10923127 	 10923225 	 98
2R	10925303 	 10929097 	 3794
2R	10935240 	 10935541 	 301
2R 	 10989639 	 10989751 	 112
2R 	 11018568 	 11018600 	 32
2R	11033653 	 11034204 	 551
2R 	 11040403 	 11040525 	 122
2R	11058787 	 11070439 	 11652
2R	11085007 	 11085231 	 224
2R 	 11087858 	 11087977 	 119
2R 	 11091089 	 11091213 	 124
2R	11094170 	 11096325 	 2155
2R	11145163 	 11145939 	 776
2R	11159497 	 11159637 	 140
2R	11163257 	 11167879 	 4622
2R	11174322 	 11176942 	 2620
2R	11201362 	 11201508 	 146
2R	11227958 	 11230072 	 2114
2R 	 11231576 	 11231695 	 119
2R 	 11316807 	 11316920 	 113
2R	11319648 	 11319725 	 77
2R	11357964 	 11369374 	 11410
2R	11387033 	 11409592 	 22559
2R 	 11412087 	 11412147 	 60
2R	11470072 	 11470438 	 366
2R 	 11472685 	 11472744 	 59
2R 	 11478556 	 11478586 	 30
2R 	 11526623 	 11526723 	 100
2R	11547531 	 11547659 	 128
2R 	 11552214 	 11552317 	 103
2R	11557119 	 11558230 	 1111
2R	11562547 	 11565798 	 3251
2R	11631960 	 11632010 	 50
2R	11649381 	 11649812 	 431
2R	11656634 	 11674242 	 17608
2R	11711613 	 11714917 	 3304
2R	11715825 	 11724620 	 8795
2R	11749726 	 11750374 	 648
2R 	 11761136 	 11761258 	 122
2R 	 11777907 	 11778031 	 124
2R	11791522 	 11792723 	 1201
2R 	 11805861 	 11805964 	 103
2R	11808926 	 11809513 	 587
2R 	 11826151 	 11826259 	 108
2R	11846778 	 11848364 	 1586
2R	11858723 	 11869744 	 11021
2R 	 11876097 	 11876195 	 98
2R	11922703 	 11928100 	 5397
2R	11928326 	 11929794 	 1468
2R	12007078 	 12007711 	 633
2R	12021834 	 12023312 	 1478
2R	12035887 	 12038938 	 3051
2R	12059328 	 12060702 	 1374
2R	12090103 	 12094661 	 4558
2R	12110701 	 12110756 	 55
2R	12121086 	 12121175 	 89
2R 	 12138063 	 12138174 	 111
2R	12158428 	 12162627 	 4199
2R	12212890 	 12213197 	 307
2R	12221487 	 12225930 	 4443
2R	12254883 	 12260898 	 6015
2R	12265484 	 12278141 	 12657
2R	12283131 	 12297816 	 14685
2R	12319628 	 12331490 	 11862
2R	12358136 	 12383095 	 24959
2R 	 12392510 	 12392632 	 122
2R	12405095 	 12418776 	 13681
2R	12421097 	 12467401 	 46304
2R	12468306 	 12480182 	 11876
2R	12480986 	 12481055 	 69
2R	12504374 	 12506135 	 1761
2R	12550750 	 12552809 	 2059
2R 	 12555409 	 12555491 	 82
2R 	 12557313 	 12557359 	 46
2R	12561571 	 12562832 	 1261
2R	12572797 	 12576375 	 3578
2R 	 12589828 	 12589942 	 114
2R	12617615 	 12619149 	 1534
2R	12631864 	 12634170 	 2306
2R	12644568 	 12644621 	 53
2R	12670623 	 12670677 	 54
2R	12673687 	 12678812 	 5125
2R 	 12707728 	 12707822 	 94
2R 	 12726193 	 12726317 	 124
2R	12729754 	 12733080 	 3326
2R	12742490 	 12742862 	 372
2R	12751204 	 12752627 	 1423
2R	12762275 	 12762395 	 120
2R	12802739 	 12809387 	 6648
2R 	 12819173 	 12819226 	 53
2R 	 12831379 	 12831498 	 119
2R	12840430 	 12842223 	 1793
2R 	 12874248 	 12874358 	 110
2R	12893398 	 12897576 	 4178
2R	12904064 	 12908442 	 4378
2R	12928298 	 12928359 	 61
2R 	 12930105 	 12930206 	 101
2R	12943024 	 12944381 	 1357
2R	12946973 	 12955315 	 8342
2R	12956006 	 12997432 	 41426
2R	12997757 	 13002743 	 4986
2R 	 13020276 	 13020396 	 120
2R	13037359 	 13040395 	 3036
2R	13046528 	 13046816 	 288
2R 	 13046906 	 13047028 	 122
2R	13059174 	 13059262 	 88
2R	13060221 	 13060276 	 55
2R	13128285 	 13129088 	 803
2R 	 13137993 	 13138102 	 109
2R 	 13152510 	 13152631 	 121
2R	13168323 	 13168537 	 214
2R 	 13185568 	 13185669 	 101
2R	13188705 	 13196597 	 7892
2R	13213341 	 13226464 	 13123
2R	13240721 	 13240814 	 93
2R	13247721 	 13272864 	 25143
2R	13273938 	 13274367 	 429
2R 	 13286009 	 13286112 	 103
2R	13358777 	 13367038 	 8261
2R 	 13409001 	 13409112 	 111
2R 	 13410303 	 13410353 	 50
2R 	 13413763 	 13413839 	 76
2R	13444314 	 13448728 	 4414
2R	13450350 	 13484242 	 33892
2R	13486961 	 13487138 	 177
2R	13539093 	 13549694 	 10601
2R	13551748 	 13555745 	 3997
2R	13557165 	 13557438 	 273
2R	13565382 	 13577094 	 11712
2R	13584738 	 13595382 	 10644
2R	13612373 	 13616275 	 3902
2R 	 13629742 	 13629844 	 102
2R	13645788 	 13647096 	 1308
2R	13647667 	 13649463 	 1796
2R 	 13668064 	 13668188 	 124
2R 	 13691760 	 13691833 	 73
2R 	 13695829 	 13695950 	 121
2R	13698305 	 13700430 	 2125
2R	13718643 	 13719700 	 1057
2R 	 13731338 	 13731459 	 121
2R 	 13758897 	 13759008 	 111
2R	13759378 	 13764038 	 4660
2R 	 13766304 	 13766425 	 121
2R	13821543 	 13822236 	 693
2R	13829728 	 13843536 	 13808
2R	13873644 	 13881301 	 7657
2R 	 13892454 	 13892573 	 119
2R	13897563 	 13899400 	 1837
2R	13914549 	 13921221 	 6672
2R	13932718 	 13932816 	 98
2R	13947360 	 13947737 	 377
2R 	 13965603 	 13965704 	 101
2R	13990264 	 14004415 	 14151
2R 	 14023328 	 14023435 	 107
2R	14065473 	 14065976 	 503
2R	14072399 	 14074254 	 1855
2R 	 14080612 	 14080716 	 104
2R 	 14083774 	 14083877 	 103
2R 	 14097535 	 14097598 	 63
2R 	 14101295 	 14101419 	 124
2R 	 14101425 	 14101511 	 86
2R 	 14105993 	 14106097 	 104
2R 	 14111426 	 14111456 	 30
2R	14160644 	 14161767 	 1123
2R 	 14197536 	 14197656 	 120
2R 	 14241307 	 14241418 	 111
2R	14255508 	 14255976 	 468
2R 	 14281054 	 14281165 	 111
2R	14375038 	 14379078 	 4040
2R	14387810 	 14387986 	 176
2R	14393744 	 14394327 	 583
2R	14429415 	 14432091 	 2676
2R 	 14432637 	 14432737 	 100
2R	14434202 	 14441332 	 7130
2R 	 14520421 	 14520529 	 108
2R	14545766 	 14551564 	 5798
2R	14567077 	 14569504 	 2427
2R	14626173 	 14626248 	 75
2R	14630769 	 14631982 	 1213
2R	14679878 	 14679995 	 117
2R	14711889 	 14731639 	 19750
2R	14751659 	 14769157 	 17498
2R	14811828 	 14826109 	 14281
2R 	 14826328 	 14826449 	 121
2R	14846336 	 14849214 	 2878
2R 	 14865298 	 14865420 	 122
2R 	 14870619 	 14870736 	 117
2R 	 14876415 	 14876484 	 69
2R 	 14911121 	 14911163 	 42
2R	14940392 	 14941217 	 825
2R	14947848 	 14948320 	 472
2R 	 14989311 	 14989416 	 105
2R 	 15008980 	 15009071 	 91
2R 	 15010508 	 15010543 	 35
2R	15011455 	 15015014 	 3559
2R 	 15018585 	 15018651 	 66
2R 	 15032381 	 15032497 	 116
2R	15035774 	 15035979 	 205
2R 	 15111188 	 15111308 	 120
2R 	 15120272 	 15120394 	 122
2R 	 15127453 	 15127534 	 81
2R 	 15138606 	 15138717 	 111
2R 	 15161733 	 15161852 	 119
2R 	 15162599 	 15162701 	 102
2R	15212337 	 15212400 	 63
2R 	 15227793 	 15227907 	 114
2R	15257801 	 15259763 	 1962
2R	15278573 	 15279241 	 668
2R	15300945 	 15301734 	 789
2R	15304780 	 15329951 	 25171
2R 	 15332460 	 15332551 	 91
2R 	 15344123 	 15344174 	 51
2R 	 15347215 	 15347338 	 123
2R 	 15354731 	 15354827 	 96
2R	15357282 	 15377931 	 20649
2R	15381303 	 15381388 	 85
2R	15386972 	 15387117 	 145
2R	15424778 	 15426035 	 1257
2R 	 15427331 	 15427432 	 101
2R 	 15453555 	 15453676 	 121
2R 	 15461679 	 15461790 	 111
2R	15496692 	 15499591 	 2899
2R 	 15507595 	 15507708 	 113
2R	15511187 	 15513311 	 2124
2R	15529261 	 15534874 	 5613
2R 	 15547616 	 15547721 	 105
2R 	 15556171 	 15556295 	 124
2R	15559918 	 15573313 	 13395
2R	15573596 	 15575596 	 2000
2R	15587473 	 15589936 	 2463
2R	15590464 	 15598775 	 8311
2R 	 15614084 	 15614189 	 105
2R	15645451 	 15652528 	 7077
2R	15660789 	 15662743 	 1954
2R	15675532 	 15676423 	 891
2R 	 15686869 	 15686978 	 109
2R	15709338 	 15711185 	 1847
2R	15715215 	 15725756 	 10541
2R	15728884 	 15743011 	 14127
2R	15755696 	 15755979 	 283
2R	15775293 	 15785355 	 10062
2R	15792746 	 15793697 	 951
2R 	 15814698 	 15814806 	 108
2R 	 15829316 	 15829421 	 105
2R	15834167 	 15840508 	 6341
2R	15859086 	 15859206 	 120
2R 	 15877262 	 15877371 	 109
2R	15883552 	 15891621 	 8069
2R	15907297 	 15908361 	 1064
2R 	 15924437 	 15924537 	 100
2R	15927628 	 15940616 	 12988
2R 	 15972615 	 15972717 	 102
2R 	 15972996 	 15973107 	 111
2R	15985268 	 15989273 	 4005
2R 	 16083370 	 16083487 	 117
2R	16087235 	 16088043 	 808
2R 	 16114940 	 16115058 	 118
2R 	 16119867 	 16119981 	 114
2R 	 16136556 	 16136658 	 102
2R 	 16141234 	 16141356 	 122
2R 	 16143396 	 16143521 	 125
2R	16154803 	 16156101 	 1298
2R	16160858 	 16178432 	 17574
2R	16183736 	 16183972 	 236
2R	16191573 	 16192014 	 441
2R 	 16203708 	 16203829 	 121
2R	16217321 	 16227086 	 9765
2R	16231770 	 16232466 	 696
2R 	 16242485 	 16242582 	 97
2R 	 16255883 	 16256001 	 118
2R 	 16260510 	 16260614 	 104
2R 	 16264382 	 16264498 	 116
2R	16276972 	 16283576 	 6604
2R	16313771 	 16316171 	 2400
2R	16324881 	 16329609 	 4728
2R	16353381 	 16354970 	 1589
2R 	 16370896 	 16370995 	 99
2R 	 16373067 	 16373188 	 121
2R	16389942 	 16390748 	 806
2R	16404955 	 16407279 	 2324
2R	16414258 	 16417317 	 3059
2R	16424007 	 16424765 	 758
2R 	 16446287 	 16446391 	 104
2R	16454399 	 16455463 	 1064
2R	16479201 	 16479304 	 103
2R 	 16540408 	 16540474 	 66
2R	16578388 	 16578974 	 586
2R 	 16613114 	 16613239 	 125
2R 	 16621939 	 16622048 	 109
2R 	 16631930 	 16632049 	 119
2R	16638206 	 16651115 	 12909
2R	16654842 	 16660738 	 5896
2R	16687840 	 16688039 	 199
2R	16710826 	 16711103 	 277
2R	16721439 	 16724697 	 3258
2R	16732404 	 16732757 	 353
2R 	 16733481 	 16733597 	 116
2R	16745000 	 16758959 	 13959
2R	16764639 	 16769450 	 4811
2R	16778543 	 16779180 	 637
2R 	 16811648 	 16811770 	 122
2R	16848053 	 16851056 	 3003
2R 	 16852826 	 16852930 	 104
2R	16863241 	 16863299 	 58
2R	16946876 	 16947199 	 323
2R	16965487 	 16966390 	 903
2R	16976381 	 16977867 	 1486
2R	16999892 	 17001057 	 1165
2R	17006345 	 17016261 	 9916
2R	17020114 	 17023191 	 3077
2R 	 17025605 	 17025703 	 98
2R	17095861 	 17104857 	 8996
2R 	 17115240 	 17115349 	 109
2R 	 17137139 	 17137237 	 98
2R	17138268 	 17139341 	 1073
2R	17156678 	 17163004 	 6326
2R 	 17164353 	 17164443 	 90
2R	17202420 	 17203098 	 678
2R	17210620 	 17218626 	 8006
2R 	 17238529 	 17238648 	 119
2R 	 17277529 	 17277592 	 63
2R	17278627 	 17279861 	 1234
2R 	 17324181 	 17324294 	 113
2R	17325462 	 17325768 	 306
2R	17338274 	 17339898 	 1624
2R	17357344 	 17357823 	 479
2R 	 17385610 	 17385711 	 101
2R 	 17404628 	 17404745 	 117
2R	17497027 	 17499866 	 2839
2R	17518860 	 17518987 	 127
2R	17520931 	 17524869 	 3938
2R 	 17546971 	 17547093 	 122
2R 	 17564044 	 17564167 	 123
2R	17565860 	 17568329 	 2469
2R 	 17623197 	 17623322 	 125
2R 	 17650681 	 17650790 	 109
2R 	 17657262 	 17657384 	 122
2R	17682141 	 17686045 	 3904
2R	17692360 	 17692733 	 373
2R 	 17694197 	 17694312 	 115
2R 	 17694734 	 17694851 	 117
2R 	 17701377 	 17701482 	 105
2R 	 17765053 	 17765176 	 123
2R 	 17772090 	 17772202 	 112
2R	17778276 	 17793744 	 15468
2R 	 17809586 	 17809662 	 76
2R 	 17810930 	 17810980 	 50
2R	17828655 	 17830003 	 1348
2R 	 17888806 	 17888913 	 107
2R	17902399 	 17910578 	 8179
2R	17927970 	 17940037 	 12067
2R 	 17950636 	 17950734 	 98
2R	17965920 	 17966061 	 141
2R	17996083 	 17997277 	 1194
2R	18036576 	 18040550 	 3974
2R 	 18048976 	 18049081 	 105
2R 	 18083375 	 18083417 	 42
2R	18086203 	 18086643 	 440
2R 	 18088044 	 18088143 	 99
2R	18094937 	 18105915 	 10978
2R	18129071 	 18136223 	 7152
2R 	 18147080 	 18147178 	 98
2R	18178248 	 18179021 	 773
2R	18180978 	 18181747 	 769
2R	18190201 	 18190273 	 72
2R	18211566 	 18211618 	 52
2R 	 18222925 	 18223037 	 112
2R	18253266 	 18261978 	 8712
2R	18296754 	 18298108 	 1354
2R 	 18305746 	 18305869 	 123
2R	18334788 	 18339146 	 4358
2R	18342182 	 18343371 	 1189
2R 	 18349996 	 18350071 	 75
2R 	 18363004 	 18363097 	 93
2R 	 18367419 	 18367504 	 85
2R	18373385 	 18416374 	 42989
2R	18435358 	 18436884 	 1526
2R 	 18461732 	 18461789 	 57
2R	18525464 	 18526171 	 707
2R	18560009 	 18561766 	 1757
2R	18570227 	 18575562 	 5335
2R 	 18583830 	 18583936 	 106
2R 	 18586943 	 18587048 	 105
2R	18609404 	 18631163 	 21759
2R	18660960 	 18661256 	 296
2R	18661824 	 18662264 	 440
2R 	 18682238 	 18682335 	 97
2R 	 18699806 	 18699904 	 98
2R 	 18763806 	 18763927 	 121
2R	18766495 	 18767412 	 917
2R	18778160 	 18791098 	 12938
2R 	 18802065 	 18802169 	 104
2R	18811266 	 18815422 	 4156
2R 	 18821541 	 18821638 	 97
2R 	 18858517 	 18858613 	 96
2R	18876529 	 18876642 	 113
2R	18902172 	 18905823 	 3651
2R	18910576 	 18920103 	 9527
2R	18939000 	 18943535 	 4535
2R 	 18952228 	 18952351 	 123
2R	18999450 	 19005500 	 6050
2R	19026097 	 19026198 	 101
2R	19031869 	 19037061 	 5192
2R 	 19073600 	 19073713 	 113
2R 	 19107263 	 19107385 	 122
2R	19134706 	 19135009 	 303
2R 	 19146097 	 19146199 	 102
2R 	 19154623 	 19154728 	 105
2R	19162181 	 19164046 	 1865
2R 	 19166783 	 19166883 	 100
2R	19178259 	 19191246 	 12987
2R 	 19197240 	 19197362 	 122
2R	19206709 	 19208412 	 1703
2R 	 19236918 	 19237022 	 104
2R 	 19284796 	 19284888 	 92
2R	19288405 	 19291985 	 3580
2R	19306473 	 19306672 	 199
2R	19325769 	 19333436 	 7667
2R	19344540 	 19344805 	 265
2R	19347258 	 19348137 	 879
2R	19378149 	 19381452 	 3303
2R	19387634 	 19389013 	 1379
2R	19394606 	 19401166 	 6560
2R 	 19404146 	 19404256 	 110
2R	19436051 	 19436160 	 109
2R 	 19445637 	 19445716 	 79
2R 	 19451468 	 19451515 	 47
2R 	 19451974 	 19452096 	 122
2R 	 19452825 	 19452932 	 107
2R 	 19499679 	 19499759 	 80
2R 	 19499808 	 19499855 	 47
2R 	 19524303 	 19524360 	 57
2R	19524360 	 19524410 	 50
2R	19559478 	 19560122 	 644
2R	19577877 	 19578013 	 136
2R 	 19619517 	 19619638 	 121
2R 	 19621085 	 19621193 	 108
2R 	 19658685 	 19658788 	 103
2R 	 19695211 	 19695333 	 122
2R 	 19700767 	 19700895 	 128
2R	19701603 	 19706619 	 5016
2R 	 19722088 	 19722169 	 81
2R	19726376 	 19728699 	 2323
2R 	 19768918 	 19768971 	 53
2R 	 19777811 	 19777862 	 51
2R	19826121 	 19828497 	 2376
2R 	 19869625 	 19869739 	 114
2R 	 19872815 	 19872917 	 102
2R	19879630 	 19882448 	 2818
2R 	 19904174 	 19904291 	 117
2R 	 19918508 	 19918611 	 103
2R	19951496 	 19952003 	 507
2R	19974011 	 19974116 	 105
2R	19989568 	 20005288 	 15720
2R	20014802 	 20019782 	 4980
2R	20026264 	 20033876 	 7612
2R	20040700 	 20040887 	 187
2R 	 20069526 	 20069601 	 75
2R	20090227 	 20090285 	 58
2R	20105196 	 20106086 	 890
2R	20115574 	 20115624 	 50
2R	20151358 	 20153601 	 2243
2R	20158110 	 20158252 	 142
2R	20158737 	 20158833 	 96
2R	20185667 	 20201506 	 15839
2R	20225104 	 20226249 	 1145
2R	20228821 	 20229026 	 205
2R	20231714 	 20232877 	 1163
2R	20234111 	 20238063 	 3952
2R	20249643 	 20255905 	 6262
2R	20281759 	 20283460 	 1701
2R	20308223 	 20309561 	 1338
2R	20329315 	 20333455 	 4140
2R 	 20341606 	 20341711 	 105
2R	20345007 	 20345073 	 66
2R	20363043 	 20363094 	 51
2R 	 20372840 	 20372899 	 59
2R 	 20398433 	 20398549 	 116
2R	20426944 	 20442851 	 15907
2R 	 20450668 	 20450780 	 112
2R	20461402 	 20463358 	 1956
2R	20472739 	 20483568 	 10829
2R	20485744 	 20485924 	 180
2R	20540228 	 20541540 	 1312
2R 	 20544784 	 20544875 	 91
2R 	 20545084 	 20545194 	 110
2R 	 20564211 	 20564246 	 35
2R	20653822 	 20657534 	 3712
2R	20659260 	 20661876 	 2616
2R	20663316 	 20663374 	 58
2R 	 20714002 	 20714098 	 96
2R 	 20726978 	 20727099 	 121
2R	20728377 	 20731071 	 2694
2R 	 20743044 	 20743081 	 37
2R	20749354 	 20752305 	 2951
2R	20761882 	 20773232 	 11350
2R	20797873 	 20808781 	 10908
2R 	 20838532 	 20838641 	 109
2R 	 20847820 	 20847937 	 117
2R 	 20850162 	 20850285 	 123
2R 	 20860495 	 20860602 	 107
2R 	 20881774 	 20881872 	 98
2R 	 20885490 	 20885606 	 116
2R 	 20923572 	 20923684 	 112
2R 	 20933096 	 20933220 	 124
2R	20951466 	 20953604 	 2138
2R	20973525 	 20975327 	 1802
2R	20977690 	 20979349 	 1659
2R	20996411 	 20996578 	 167
2R	21002432 	 21013342 	 10910
2R 	 21023870 	 21023969 	 99
2R 	 21046669 	 21046771 	 102
2R	21078166 	 21078322 	 156
2R 	 21123415 	 21123535 	 120
2R	21127494 	 21135329 	 7835
2R 	 21145944 	 21146065 	 121
2R 	 21151167 	 21151219 	 52
2R	21170150 	 21172387 	 2237
2R	21223030 	 21223124 	 94
2R 	 21251779 	 21251902 	 123
2R 	 21266279 	 21266400 	 121
2R	21269007 	 21271486 	 2479
2R	21275983 	 21276034 	 51
2R 	 21297240 	 21297359 	 119
2R	21302143 	 21302897 	 754
2R	21308887 	 21312159 	 3272
2R 	 21321246 	 21321355 	 109
2R	21323809 	 21327730 	 3921
2R 	 21328577 	 21328692 	 115
2R 	 21340851 	 21340962 	 111
2R 	 21365574 	 21365683 	 109
2R	21379054 	 21391650 	 12596
2R	21395623 	 21398187 	 2564
2R	21414009 	 21414499 	 490
2R 	 21426561 	 21426673 	 112
2R 	 21469055 	 21469161 	 106
2R	21487038 	 21487716 	 678
2R 	 21541476 	 21541579 	 103
2R	21550170 	 21550752 	 582
2R	21571788 	 21572467 	 679
2R	21628111 	 21629369 	 1258
2R	21638689 	 21638740 	 51
2R	21683696 	 21690497 	 6801
2R	21694101 	 21696986 	 2885
2R	21707310 	 21707544 	 234
2R 	 21716398 	 21716515 	 117
2R 	 21732909 	 21733028 	 119
2R 	 21736226 	 21736295 	 69
2R	21762276 	 21764188 	 1912
2R	21771924 	 21777961 	 6037
2R	21779195 	 21781545 	 2350
2R	21787825 	 21790855 	 3030
2R 	 21811313 	 21811351 	 38
2R 	 21812311 	 21812383 	 72
2R 	 21815501 	 21815576 	 75
2R	21839394 	 21840572 	 1178
2R	21843064 	 21863163 	 20099
2R	21864599 	 21869374 	 4775
2R	22003134 	 22003298 	 164
2R	22011713 	 22012265 	 552
2R 	 22042012 	 22042136 	 124
2R	22050488 	 22050643 	 155
2R 	 22073250 	 22073359 	 109
2R	22084924 	 22086596 	 1672
2R	22107826 	 22110552 	 2726
2R	22134517 	 22135166 	 649
2R 	 22138641 	 22138750 	 109
2R 	 22145501 	 22145598 	 97
2R	22169510 	 22169708 	 198
2R 	 22261171 	 22261270 	 99
2R	22311245 	 22318563 	 7318
2R	22331999 	 22339274 	 7275
2R 	 22372795 	 22372915 	 120
2R	22373980 	 22376147 	 2167
2R	22420434 	 22429864 	 9430
2R 	 22431589 	 22431710 	 121
2R 	 22439228 	 22439349 	 121
2R 	 22454235 	 22454357 	 122
2R	22455492 	 22460116 	 4624
2R	22527853 	 22527857 	 4
2R 	 22537556 	 22537677 	 121
2R	22538604 	 22548372 	 9768
2R	22561256 	 22563595 	 2339
2R	22572901 	 22573420 	 519
2R 	 22634511 	 22634633 	 122
2R 	 22675935 	 22676040 	 105
2R	22695805 	 22695877 	 72
2R	22713934 	 22715093 	 1159
2R	22738934 	 22739462 	 528
2R	22764173 	 22767937 	 3764
2R	22800760 	 22801706 	 946
2R 	 22802355 	 22802459 	 104
2R 	 22816577 	 22816699 	 122
2R	22820107 	 22823256 	 3149
2R 	 22898123 	 22898235 	 112
2R 	 22946227 	 22946313 	 86
2R 	 22946469 	 22946509 	 40
2R	22954882 	 22955002 	 120
2R 	 22959183 	 22959275 	 92
2R 	 22960772 	 22960813 	 41
2R 	 22969370 	 22969447 	 77
2R	22970278 	 22972809 	 2531
2R	22983072 	 22983445 	 373
2R 	 22991898 	 22992020 	 122
2R 	 23012777 	 23012888 	 111
2R	23035470 	 23038284 	 2814
2R	23046334 	 23068489 	 22155
2R	23078404 	 23078875 	 471
2R 	 23093316 	 23093419 	 103
2R	23104705 	 23123606 	 18901
2R 	 23132711 	 23132833 	 122
2R	23136234 	 23136815 	 581
2R	23139697 	 23153953 	 14256
2R	23175792 	 23177916 	 2124
2R 	 23184663 	 23184764 	 101
2R	23192104 	 23194046 	 1942
2R	23233714 	 23234368 	 654
2R	23237598 	 23237649 	 51
2R 	 23247426 	 23247550 	 124
2R	23250795 	 23250980 	 185
2R	23285499 	 23286125 	 626
2R 	 23368626 	 23368749 	 123
2R	23371354 	 23373607 	 2253
2R 	 23374456 	 23374571 	 115
2R 	 23385476 	 23385518 	 42
2R 	 23405456 	 23405544 	 88
2R 	 23452729 	 23452850 	 121
2R	23463656 	 23464372 	 716
2R 	 23465834 	 23465944 	 110
2R	23488431 	 23488871 	 440
2R	23495911 	 23512979 	 17068
2R 	 23534239 	 23534349 	 110
2R 	 23534430 	 23534541 	 111
2R 	 23550798 	 23550841 	 43
2R 	 23554357 	 23554478 	 121
2R	23561474 	 23563030 	 1556
2R 	 23575601 	 23575659 	 58
2R 	 23579143 	 23579252 	 109
2R	23599236 	 23609027 	 9791
2R	23621917 	 23622323 	 406
2R 	 23630904 	 23631002 	 98
2R 	 23640874 	 23640990 	 116
2R	23642920 	 23643018 	 98
2R 	 23652575 	 23652686 	 111
2R	23688518 	 23697321 	 8803
2R 	 23720791 	 23720898 	 107
2R	23727343 	 23727829 	 486
2R	23734206 	 23736073 	 1867
2R	23740508 	 23741006 	 498
2R	23765522 	 23766883 	 1361
2R	23809503 	 23811019 	 1516
2R	23812350 	 23812596 	 246
2R	23835509 	 23841692 	 6183
2R	23842926 	 23847823 	 4897
2R	23867217 	 23869205 	 1988
2R	23870984 	 23871453 	 469
2R 	 23877905 	 23878027 	 122
2R	23898574 	 23898772 	 198
2R	23909370 	 23909505 	 135
2R 	 23937109 	 23937141 	 32
2R	23942958 	 23969891 	 26933
2R 	 24019383 	 24019485 	 102
2R	24027007 	 24038073 	 11066
2R	24047732 	 24049214 	 1482
2R	24068963 	 24069087 	 124
2R	24084482 	 24085418 	 936
2R 	 24124240 	 24124318 	 78
2R	24162296 	 24163055 	 759
2R	24164599 	 24165578 	 979
2R 	 24181636 	 24181700 	 64
2R	24186381 	 24189425 	 3044
2R	24210069 	 24210848 	 779
2R 	 24242373 	 24242490 	 117
2R 	 24259751 	 24259856 	 105
2R	24276304 	 24280138 	 3834
2R	24291062 	 24308078 	 17016
2R	24340696 	 24341051 	 355
2R 	 24356404 	 24356497 	 93
2R 	 24357459 	 24357566 	 107
2R	24376057 	 24376369 	 312
2R 	 24381503 	 24381548 	 45
2R 	 24381636 	 24381718 	 82
2R 	 24408428 	 24408544 	 116
2R	24428510 	 24431376 	 2866
2R	24453402 	 24469689 	 16287
2R	24476545 	 24476762 	 217
2R 	 24482048 	 24482163 	 115
2R 	 24516310 	 24516433 	 123
2R	24535512 	 24535563 	 51
2R 	 24540750 	 24540874 	 124
2R	24597399 	 24607922 	 10523
2R 	 24645953 	 24646015 	 62
2R 	 24655557 	 24655623 	 66
2R 	 24667600 	 24667703 	 103
2R	24687576 	 24698393 	 10817
2R	24699763 	 24701471 	 1708
2R 	 24733813 	 24733935 	 122
2R 	 24738481 	 24738581 	 100
2R 	 24742454 	 24742566 	 112
2R 	 24753856 	 24753969 	 113
2R 	 24780408 	 24780522 	 114
2R 	 24874502 	 24874601 	 99
2R	24874691 	 24902334 	 27643
2R	24907077 	 24922862 	 15785
2R 	 24977782 	 24977903 	 121
2R 	 24988667 	 24988718 	 51
2R 	 24989656 	 24989731 	 75
2R	24989890 	 24989975 	 85
2R 	 24995434 	 24995545 	 111
2R	25018787 	 25019418 	 631
2R 	 25024437 	 25024540 	 103
2R	25025347 	 25028751 	 3404
2R 	 25132061 	 25132182 	 121
2R 	 25145524 	 25145627 	 103
2R 	 25157896 	 25157999 	 103
2R 	 25159376 	 25159486 	 110
2R 	 25174663 	 25174784 	 121
2R 	 25183703 	 25183816 	 113
2R 	 25188135 	 25188250 	 115
2R	25238109 	 25263044 	 24935
2R 	 25265457 	 25265487 	 30
2R 	 25271304 	 25271355 	 51
2R 	 25279188 	 25279291 	 103
3L 	 10213 	 10310 	 97
3L 	 11715 	 11825 	 110
3L	39439 	 47056 	 7617
3L	48983 	 49689 	 706
3L	69031 	 69124 	 93
3L 	 86587 	 86681 	 94
3L	107224 	 110435 	 3211
3L 	 112879 	 112951 	 72
3L 	 116001 	 116125 	 124
3L	124195 	 128199 	 4004
3L 	 150190 	 150297 	 107
3L 	 170548 	 170593 	 45
3L 	 177426 	 177508 	 82
3L	198954 	 199244 	 290
3L	206849 	 210092 	 3243
3L	235063 	 235858 	 795
3L	250496 	 253194 	 2698
3L	261587 	 261817 	 230
3L	339482 	 362405 	 22923
3L	362624 	 372989 	 10365
3L 	 375288 	 375402 	 114
3L 	 402921 	 402992 	 71
3L 	 409862 	 409969 	 107
3L	444757 	 454507 	 9750
3L	503824 	 504497 	 673
3L	542411 	 542545 	 134
3L	551687 	 560713 	 9026
3L 	 561882 	 562004 	 122
3L 	 569708 	 569813 	 105
3L 	 580922 	 581030 	 108
3L	581593 	 582998 	 1405
3L	584964 	 590316 	 5352
3L 	 599355 	 599463 	 108
3L	611331 	 612554 	 1223
3L 	 616125 	 616233 	 108
3L 	 681389 	 681512 	 123
3L 	 694389 	 694511 	 122
3L 	 695878 	 695995 	 117
3L	696556 	 700469 	 3913
3L	716929 	 720932 	 4003
3L	735662 	 735714 	 52
3L	747164 	 752086 	 4922
3L	754455 	 754903 	 448
3L 	 787924 	 788045 	 121
3L	789687 	 794958 	 5271
3L	804555 	 812784 	 8229
3L	841108 	 842430 	 1322
3L 	 863108 	 863202 	 94
3L 	 865315 	 865375 	 60
3L 	 930878 	 930987 	 109
3L	959237 	 959296 	 59
3L	964538 	 976172 	 11634
3L	1012225 	 1019978 	 7753
3L 	 1051973 	 1052097 	 124
3L 	 1057419 	 1057479 	 60
3L 	 1100685 	 1100808 	 123
3L 	 1125517 	 1125624 	 107
3L 	 1126731 	 1126852 	 121
3L	1144172 	 1146183 	 2011
3L 	 1152690 	 1152791 	 101
3L 	 1155597 	 1155707 	 110
3L 	 1158138 	 1158261 	 123
3L 	 1162686 	 1162783 	 97
3L 	 1218339 	 1218412 	 73
3L 	 1226441 	 1226532 	 91
3L	1230626 	 1237601 	 6975
3L 	 1240894 	 1240993 	 99
3L	1274533 	 1279945 	 5412
3L	1301259 	 1303484 	 2225
3L	1310993 	 1311537 	 544
3L	1345835 	 1348138 	 2303
3L 	 1370644 	 1370753 	 109
3L	1408239 	 1408485 	 246
3L 	 1427030 	 1427135 	 105
3L 	 1429451 	 1429493 	 42
3L	1435540 	 1436237 	 697
3L	1461329 	 1464815 	 3486
3L 	 1483831 	 1483933 	 102
3L 	 1514764 	 1514886 	 122
3L	1521836 	 1524340 	 2504
3L	1541407 	 1550679 	 9272
3L 	 1588731 	 1588845 	 114
3L	1594370 	 1601780 	 7410
3L	1616594 	 1627465 	 10871
3L	1674516 	 1675682 	 1166
3L 	 1680069 	 1680154 	 85
3L	1683842 	 1690669 	 6827
3L	1695363 	 1696944 	 1581
3L 	 1702509 	 1702632 	 123
3L	1703368 	 1705001 	 1633
3L	1705560 	 1719089 	 13529
3L	1722004 	 1722951 	 947
3L	1730350 	 1730641 	 291
3L 	 1764128 	 1764250 	 122
3L	1767916 	 1768546 	 630
3L 	 1784502 	 1784615 	 113
3L 	 1843388 	 1843509 	 121
3L	1854371 	 1854421 	 50
3L	1865970 	 1866210 	 240
3L	1868272 	 1879825 	 11553
3L	1883461 	 1883530 	 69
3L	1884615 	 1887319 	 2704
3L	1903622 	 1903916 	 294
3L	1912577 	 1918555 	 5978
3L	1936825 	 1939522 	 2697
3L 	 1966955 	 1967062 	 107
3L	1978877 	 1978927 	 50
3L	1999317 	 1999879 	 562
3L	2000797 	 2003909 	 3112
3L 	 2021942 	 2022059 	 117
3L 	 2082732 	 2082856 	 124
3L	2086640 	 2107565 	 20925
3L 	 2124653 	 2124764 	 111
3L 	 2138432 	 2138543 	 111
3L	2140968 	 2143689 	 2721
3L 	 2158737 	 2158836 	 99
3L	2164323 	 2166574 	 2251
3L	2178324 	 2179227 	 903
3L 	 2200860 	 2200976 	 116
3L	2225338 	 2228087 	 2749
3L	2233753 	 2234956 	 1203
3L	2269370 	 2271814 	 2444
3L	2277965 	 2278026 	 61
3L	2281887 	 2283930 	 2043
3L 	 2283930 	 2283993 	 63
3L	2334094 	 2337836 	 3742
3L	2377151 	 2378961 	 1810
3L	2388345 	 2392434 	 4089
3L 	 2403379 	 2403488 	 109
3L 	 2446135 	 2446194 	 59
3L 	 2449031 	 2449105 	 74
3L 	 2451539 	 2451658 	 119
3L 	 2455252 	 2455319 	 67
3L 	 2458067 	 2458134 	 67
3L	2467389 	 2468619 	 1230
3L	2495418 	 2498070 	 2652
3L	2503911 	 2520029 	 16118
3L 	 2528235 	 2528359 	 124
3L	2554868 	 2574411 	 19543
3L 	 2586909 	 2587033 	 124
3L 	 2587035 	 2587136 	 101
3L	2601554 	 2601789 	 235
3L	2606366 	 2606415 	 49
3L	2615025 	 2617451 	 2426
3L	2660181 	 2667519 	 7338
3L 	 2722070 	 2722185 	 115
3L	2741559 	 2743042 	 1483
3L	2805146 	 2807994 	 2848
3L 	 2812010 	 2812124 	 114
3L	2835396 	 2839235 	 3839
3L	2847592 	 2847757 	 165
3L 	 2852782 	 2852880 	 98
3L	2896360 	 2902556 	 6196
3L	2904923 	 2905170 	 247
3L	2906051 	 2921888 	 15837
3L 	 2932995 	 2933042 	 47
3L 	 2935203 	 2935286 	 83
3L	2936072 	 2940159 	 4087
3L	2940725 	 2943453 	 2728
3L	2949241 	 2949299 	 58
3L 	 2950708 	 2950772 	 64
3L 	 2970770 	 2970817 	 47
3L 	 2970877 	 2970969 	 92
3L 	 2972337 	 2972448 	 111
3L 	 2974376 	 2974478 	 102
3L	2975803 	 2975974 	 171
3L	3020388 	 3026608 	 6220
3L	3027258 	 3031178 	 3920
3L 	 3062471 	 3062556 	 85
3L 	 3062984 	 3063059 	 75
3L 	 3066458 	 3066585 	 127
3L	3092611 	 3100786 	 8175
3L	3160269 	 3184604 	 24335
3L 	 3205466 	 3205585 	 119
3L 	 3220919 	 3221025 	 106
3L	3230465 	 3230518 	 53
3L	3246572 	 3256148 	 9576
3L	3270922 	 3271871 	 949
3L	3274603 	 3315676 	 41073
3L	3330588 	 3337421 	 6833
3L 	 3349512 	 3349636 	 124
3L	3362665 	 3374061 	 11396
3L	3380477 	 3389699 	 9222
3L 	 3391252 	 3391350 	 98
3L 	 3420359 	 3420460 	 101
3L	3428219 	 3429027 	 808
3L	3461470 	 3461948 	 478
3L	3483346 	 3485842 	 2496
3L	3487087 	 3495558 	 8471
3L	3532077 	 3532446 	 369
3L	3553607 	 3553749 	 142
3L	3571524 	 3579234 	 7710
3L 	 3587544 	 3587664 	 120
3L	3593226 	 3597831 	 4605
3L	3611972 	 3612153 	 181
3L	3633960 	 3643131 	 9171
3L	3643816 	 3650316 	 6500
3L	3661431 	 3675603 	 14172
3L 	 3690534 	 3690656 	 122
3L	3739805 	 3750058 	 10253
3L	3750893 	 3754203 	 3310
3L	3755628 	 3756943 	 1315
3L	3757606 	 3759647 	 2041
3L	3801676 	 3805957 	 4281
3L	3846424 	 3850329 	 3905
3L 	 3867115 	 3867239 	 124
3L	3881878 	 3882374 	 496
3L 	 3890877 	 3890999 	 122
3L	3893345 	 3902165 	 8820
3L 	 3917267 	 3917383 	 116
3L	3961639 	 4002912 	 41273
3L 	 4006522 	 4006644 	 122
3L 	 4018883 	 4019002 	 119
3L 	 4046901 	 4047008 	 107
3L 	 4051830 	 4051951 	 121
3L	4063092 	 4069696 	 6604
3L	4112517 	 4119494 	 6977
3L	4122180 	 4122614 	 434
3L	4131021 	 4143057 	 12036
3L	4153171 	 4158890 	 5719
3L	4170455 	 4170556 	 101
3L 	 4200315 	 4200413 	 98
3L 	 4216066 	 4216179 	 113
3L	4225824 	 4226644 	 820
3L 	 4231306 	 4231412 	 106
3L	4274073 	 4274444 	 371
3L	4286129 	 4286898 	 769
3L 	 4308403 	 4308504 	 101
3L 	 4326676 	 4326778 	 102
3L 	 4332012 	 4332067 	 55
3L	4363293 	 4367498 	 4205
3L	4374554 	 4374618 	 64
3L	4422057 	 4422191 	 134
3L 	 4430508 	 4430539 	 31
3L 	 4431054 	 4431150 	 96
3L 	 4447898 	 4447964 	 66
3L 	 4449749 	 4449870 	 121
3L 	 4451502 	 4451564 	 62
3L 	 4502087 	 4502185 	 98
3L	4512531 	 4513448 	 917
3L 	 4525333 	 4525442 	 109
3L 	 4533527 	 4533647 	 120
3L	4543156 	 4544268 	 1112
3L	4548119 	 4558459 	 10340
3L 	 4591374 	 4591477 	 103
3L 	 4592143 	 4592241 	 98
3L 	 4597396 	 4597516 	 120
3L	4619816 	 4624946 	 5130
3L	4666542 	 4666823 	 281
3L 	 4679052 	 4679152 	 100
3L	4777486 	 4777600 	 114
3L	4819576 	 4828770 	 9194
3L	4833696 	 4835968 	 2272
3L	4851177 	 4851924 	 747
3L	4864658 	 4865090 	 432
3L	4878449 	 4878519 	 70
3L 	 4898872 	 4898927 	 55
3L 	 4902046 	 4902097 	 51
3L 	 4903836 	 4903896 	 60
3L	4910132 	 4911574 	 1442
3L 	 4948755 	 4948856 	 101
3L	4983541 	 4984399 	 858
3L 	 5029287 	 5029404 	 117
3L 	 5045610 	 5045686 	 76
3L	5069246 	 5077875 	 8629
3L 	 5088301 	 5088425 	 124
3L 	 5089096 	 5089193 	 97
3L 	 5116141 	 5116260 	 119
3L 	 5118045 	 5118076 	 31
3L 	 5123724 	 5123797 	 73
3L	5133902 	 5133952 	 50
3L 	 5204084 	 5204208 	 124
3L	5242700 	 5246198 	 3498
3L	5250972 	 5253745 	 2773
3L	5263368 	 5267155 	 3787
3L	5275470 	 5289605 	 14135
3L	5293308 	 5298118 	 4810
3L 	 5300529 	 5300601 	 72
3L 	 5305242 	 5305332 	 90
3L	5308258 	 5325344 	 17086
3L	5333748 	 5335649 	 1901
3L 	 5375733 	 5375857 	 124
3L 	 5390942 	 5391032 	 90
3L 	 5418405 	 5418514 	 109
3L 	 5425508 	 5425616 	 108
3L 	 5456259 	 5456358 	 99
3L 	 5458224 	 5458297 	 73
3L 	 5458388 	 5458455 	 67
3L 	 5464731 	 5464803 	 72
3L 	 5465390 	 5465450 	 60
3L	5466523 	 5467302 	 779
3L	5493398 	 5494245 	 847
3L	5499420 	 5500009 	 589
3L	5602734 	 5606983 	 4249
3L	5634406 	 5640808 	 6402
3L 	 5660112 	 5660222 	 110
3L	5666387 	 5666776 	 389
3L	5667164 	 5674133 	 6969
3L	5703004 	 5704833 	 1829
3L	5720490 	 5720899 	 409
3L 	 5722726 	 5722841 	 115
3L	5730820 	 5730878 	 58
3L 	 5735112 	 5735233 	 121
3L 	 5745756 	 5745869 	 113
3L	5750011 	 5750101 	 90
3L 	 5796126 	 5796249 	 123
3L	5838085 	 5843976 	 5891
3L	5852570 	 5859633 	 7063
3L	5872928 	 5895157 	 22229
3L	5897587 	 5898993 	 1406
3L	5899525 	 5901178 	 1653
3L	5905679 	 5907486 	 1807
3L	5912213 	 5912462 	 249
3L	5964997 	 5966548 	 1551
3L	5989687 	 5999469 	 9782
3L	6056909 	 6065180 	 8271
3L	6072409 	 6072694 	 285
3L	6075630 	 6084189 	 8559
3L	6099906 	 6103553 	 3647
3L	6109998 	 6110258 	 260
3L 	 6157063 	 6157184 	 121
3L	6159193 	 6159848 	 655
3L	6169940 	 6170062 	 122
3L	6198762 	 6201599 	 2837
3L 	 6211706 	 6211830 	 124
3L 	 6213298 	 6213398 	 100
3L	6218998 	 6219232 	 234
3L 	 6227521 	 6227561 	 40
3L 	 6233316 	 6233426 	 110
3L 	 6237192 	 6237305 	 113
3L	6241047 	 6242781 	 1734
3L 	 6251486 	 6251608 	 122
3L	6276027 	 6276807 	 780
3L	6290570 	 6290982 	 412
3L 	 6298445 	 6298567 	 122
3L	6317836 	 6318318 	 482
3L	6320123 	 6321772 	 1649
3L 	 6382870 	 6382988 	 118
3L	6391710 	 6393470 	 1760
3L 	 6424633 	 6424700 	 67
3L 	 6427031 	 6427088 	 57
3L 	 6438974 	 6439089 	 115
3L	6446454 	 6446504 	 50
3L	6463613 	 6463726 	 113
3L 	 6478925 	 6479037 	 112
3L 	 6515590 	 6515700 	 110
3L	6533294 	 6533361 	 67
3L	6552403 	 6552669 	 266
3L	6559186 	 6559234 	 48
3L	6564354 	 6566320 	 1966
3L	6567567 	 6567668 	 101
3L	6580134 	 6583473 	 3339
3L	6627153 	 6633128 	 5975
3L	6634100 	 6636577 	 2477
3L	6671285 	 6671409 	 124
3L 	 6679938 	 6680053 	 115
3L 	 6697622 	 6697744 	 122
3L	6743612 	 6745254 	 1642
3L	6787412 	 6787974 	 562
3L	6805590 	 6811372 	 5782
3L	6812938 	 6813478 	 540
3L 	 6816574 	 6816694 	 120
3L	6819637 	 6820465 	 828
3L	6855396 	 6855488 	 92
3L 	 6889314 	 6889438 	 124
3L 	 6891520 	 6891622 	 102
3L	6901955 	 6902141 	 186
3L	6978370 	 6978535 	 165
3L	7016665 	 7016794 	 129
3L 	 7030645 	 7030749 	 104
3L	7048294 	 7050197 	 1903
3L	7051704 	 7055805 	 4101
3L	7075732 	 7075984 	 252
3L	7081009 	 7081623 	 614
3L	7224677 	 7227643 	 2966
3L 	 7285501 	 7285600 	 99
3L	7313930 	 7316661 	 2731
3L	7322178 	 7328964 	 6786
3L	7331927 	 7335798 	 3871
3L 	 7348505 	 7348626 	 121
3L	7351255 	 7351700 	 445
3L 	 7363534 	 7363642 	 108
3L	7372119 	 7374746 	 2627
3L 	 7376071 	 7376147 	 76
3L 	 7381238 	 7381288 	 50
3L	7387335 	 7387731 	 396
3L	7399459 	 7399913 	 454
3L	7423993 	 7427075 	 3082
3L	7467183 	 7467232 	 49
3L	7484223 	 7487301 	 3078
3L 	 7537221 	 7537326 	 105
3L 	 7551030 	 7551134 	 104
3L 	 7579035 	 7579156 	 121
3L	7583160 	 7583256 	 96
3L 	 7584806 	 7584913 	 107
3L	7604150 	 7604437 	 287
3L 	 7621450 	 7621550 	 100
3L 	 7629054 	 7629176 	 122
3L	7632916 	 7640979 	 8063
3L	7643491 	 7648159 	 4668
3L 	 7661331 	 7661422 	 91
3L 	 7678134 	 7678169 	 35
3L 	 7695207 	 7695322 	 115
3L	7696699 	 7697919 	 1220
3L	7724075 	 7724125 	 50
3L	7751388 	 7759533 	 8145
3L	7762501 	 7772640 	 10139
3L	7787784 	 7787903 	 119
3L	7837177 	 7842108 	 4931
3L 	 7873550 	 7873673 	 123
3L	7886761 	 7886913 	 152
3L 	 7888546 	 7888642 	 96
3L	7905507 	 7907585 	 2078
3L 	 7911984 	 7912096 	 112
3L	7942127 	 7942207 	 80
3L 	 7961034 	 7961157 	 123
3L 	 7978316 	 7978437 	 121
3L	7979381 	 7979450 	 69
3L 	 7985496 	 7985584 	 88
3L	8017362 	 8017946 	 584
3L	8029227 	 8029363 	 136
3L	8035504 	 8052263 	 16759
3L 	 8056024 	 8056145 	 121
3L	8071972 	 8072050 	 78
3L	8080721 	 8082667 	 1946
3L 	 8092622 	 8092745 	 123
3L	8097704 	 8099564 	 1860
3L 	 8102885 	 8103007 	 122
3L	8106937 	 8113296 	 6359
3L 	 8131373 	 8131477 	 104
3L	8147842 	 8160047 	 12205
3L	8160811 	 8170500 	 9689
3L 	 8202770 	 8202891 	 121
3L	8271040 	 8273258 	 2218
3L 	 8288297 	 8288410 	 113
3L	8305497 	 8308980 	 3483
3L	8311393 	 8321802 	 10409
3L	8324238 	 8324341 	 103
3L 	 8366614 	 8366689 	 75
3L 	 8371199 	 8371250 	 51
3L	8382063 	 8400436 	 18373
3L 	 8409983 	 8410080 	 97
3L	8435996 	 8436216 	 220
3L	8440892 	 8447328 	 6436
3L 	 8453780 	 8453827 	 47
3L 	 8500964 	 8500995 	 31
3L 	 8502470 	 8502591 	 121
3L	8536092 	 8537742 	 1650
3L 	 8605341 	 8605464 	 123
3L 	 8609511 	 8609630 	 119
3L	8611480 	 8622882 	 11402
3L	8640513 	 8645322 	 4809
3L 	 8663266 	 8663367 	 101
3L	8666737 	 8667469 	 732
3L 	 8687290 	 8687393 	 103
3L	8714544 	 8720700 	 6156
3L	8721374 	 8721553 	 179
3L	8775506 	 8775686 	 180
3L 	 8782426 	 8782526 	 100
3L 	 8791356 	 8791392 	 36
3L 	 8817844 	 8817943 	 99
3L 	 8828539 	 8828626 	 87
3L 	 8834296 	 8834335 	 39
3L	8842215 	 8842337 	 122
3L	8843756 	 8843821 	 65
3L	8845586 	 8847412 	 1826
3L	8873771 	 8873908 	 137
3L	8888556 	 8889327 	 771
3L	8895607 	 8895665 	 58
3L	8919136 	 8921010 	 1874
3L 	 8921915 	 8922035 	 120
3L	8925952 	 8926618 	 666
3L	8963137 	 8963232 	 95
3L 	 8978436 	 8978546 	 110
3L 	 8980067 	 8980189 	 122
3L 	 8984262 	 8984362 	 100
3L	9011164 	 9013598 	 2434
3L	9028940 	 9030305 	 1365
3L	9106401 	 9106457 	 56
3L	9113441 	 9116416 	 2975
3L 	 9116882 	 9116978 	 96
3L 	 9117947 	 9117979 	 32
3L 	 9195089 	 9195211 	 122
3L	9212027 	 9214060 	 2033
3L 	 9253965 	 9254075 	 110
3L 	 9260300 	 9260363 	 63
3L 	 9261828 	 9261892 	 64
3L	9291361 	 9292162 	 801
3L	9297155 	 9301307 	 4152
3L 	 9312164 	 9312290 	 126
3L	9315875 	 9319690 	 3815
3L 	 9319977 	 9320084 	 107
3L	9328168 	 9328251 	 83
3L 	 9356440 	 9356545 	 105
3L 	 9385890 	 9386014 	 124
3L	9406876 	 9410965 	 4089
3L	9425730 	 9432857 	 7127
3L 	 9438441 	 9438514 	 73
3L 	 9449998 	 9450053 	 55
3L	9466519 	 9468940 	 2421
3L	9470405 	 9472199 	 1794
3L	9485058 	 9486059 	 1001
3L 	 9496625 	 9496748 	 123
3L	9504813 	 9504894 	 81
3L	9559557 	 9575987 	 16430
3L 	 9576459 	 9576516 	 57
3L 	 9580161 	 9580228 	 67
3L	9583164 	 9583306 	 142
3L	9583981 	 9645693 	 61712
3L 	 9666543 	 9666662 	 119
3L	9690818 	 9691466 	 648
3L	9698538 	 9698674 	 136
3L	9700517 	 9702610 	 2093
3L	9709781 	 9716000 	 6219
3L	9733400 	 9733462 	 62
3L	9745507 	 9749200 	 3693
3L 	 9791296 	 9791404 	 108
3L	9791526 	 9792982 	 1456
3L 	 9811754 	 9811872 	 118
3L	9822342 	 9822899 	 557
3L	9852483 	 9852955 	 472
3L 	 9862857 	 9862956 	 99
3L	9874528 	 9880470 	 5942
3L	9882008 	 9886445 	 4437
3L 	 9963314 	 9963415 	 101
3L	9991605 	 9992983 	 1378
3L	9996556 	 9997843 	 1287
3L	10010323 	 10026460 	 16137
3L 	 10075202 	 10075302 	 100
3L 	 10079214 	 10079320 	 106
3L	10116722 	 10117628 	 906
3L 	 10172483 	 10172592 	 109
3L 	 10183123 	 10183240 	 117
3L 	 10227101 	 10227208 	 107
3L 	 10244701 	 10244826 	 125
3L	10245648 	 10254628 	 8980
3L	10257025 	 10270086 	 13061
3L 	 10270742 	 10270846 	 104
3L	10319631 	 10333581 	 13950
3L	10337701 	 10339348 	 1647
3L 	 10342131 	 10342255 	 124
3L	10373125 	 10375111 	 1986
3L	10384473 	 10386377 	 1904
3L	10464792 	 10467125 	 2333
3L	10509090 	 10510165 	 1075
3L 	 10516872 	 10516980 	 108
3L	10555278 	 10557865 	 2587
3L	10563279 	 10563511 	 232
3L 	 10592722 	 10592830 	 108
3L	10593830 	 10594055 	 225
3L	10631854 	 10632024 	 170
3L	10646940 	 10646991 	 51
3L	10673090 	 10673498 	 408
3L 	 10685849 	 10685965 	 116
3L	10708448 	 10728267 	 19819
3L	10750600 	 10753828 	 3228
3L	10756357 	 10758277 	 1920
3L	10794914 	 10798457 	 3543
3L	10850310 	 10859574 	 9264
3L 	 10874390 	 10874513 	 123
3L	10875887 	 10876665 	 778
3L	10879940 	 10880222 	 282
3L	10893243 	 10894274 	 1031
3L	10899222 	 10899929 	 707
3L	10934171 	 10935360 	 1189
3L	10943498 	 10944264 	 766
3L 	 10970455 	 10970564 	 109
3L	10982426 	 10990276 	 7850
3L 	 10995646 	 10995751 	 105
3L	11033460 	 11034253 	 793
3L 	 11046444 	 11046566 	 122
3L	11050327 	 11063595 	 13268
3L 	 11086786 	 11086858 	 72
3L 	 11096532 	 11096586 	 54
3L	11126819 	 11132443 	 5624
3L	11137727 	 11137901 	 174
3L 	 11151341 	 11151457 	 116
3L	11158253 	 11158400 	 147
3L 	 11175354 	 11175470 	 116
3L 	 11192492 	 11192605 	 113
3L	11198101 	 11199880 	 1779
3L 	 11201011 	 11201114 	 103
3L	11210096 	 11212074 	 1978
3L 	 11233460 	 11233581 	 121
3L	11239114 	 11239174 	 60
3L	11251020 	 11254422 	 3402
3L 	 11255006 	 11255107 	 101
3L 	 11264591 	 11264692 	 101
3L 	 11267780 	 11267811 	 31
3L	11290193 	 11310701 	 20508
3L	11324913 	 11328196 	 3283
3L	11334737 	 11335595 	 858
3L 	 11335595 	 11335713 	 118
3L	11353783 	 11355042 	 1259
3L	11355426 	 11355525 	 99
3L	11391402 	 11399290 	 7888
3L	11408726 	 11408790 	 64
3L	11420273 	 11429490 	 9217
3L	11461815 	 11462207 	 392
3L 	 11469861 	 11469967 	 106
3L 	 11506561 	 11506647 	 86
3L	11520902 	 11523435 	 2533
3L 	 11530933 	 11530972 	 39
3L 	 11582290 	 11582378 	 88
3L	11584951 	 11589300 	 4349
3L	11601473 	 11604148 	 2675
3L 	 11610408 	 11610530 	 122
3L	11626877 	 11634979 	 8102
3L	11655731 	 11656287 	 556
3L 	 11666970 	 11667073 	 103
3L 	 11710860 	 11710981 	 121
3L 	 11723610 	 11723672 	 62
3L 	 11726810 	 11726910 	 100
3L	11728283 	 11728380 	 97
3L 	 11746234 	 11746351 	 117
3L	11748222 	 11748283 	 61
3L 	 11783096 	 11783207 	 111
3L	11806138 	 11834885 	 28747
3L	11844561 	 11850164 	 5603
3L	11870604 	 11870652 	 48
3L 	 11887273 	 11887385 	 112
3L	11890775 	 11891647 	 872
3L 	 11896157 	 11896278 	 121
3L	11915722 	 11918038 	 2316
3L	11922823 	 11923688 	 865
3L	11936851 	 11944787 	 7936
3L	11947948 	 11948494 	 546
3L 	 11951179 	 11951211 	 32
3L	11951529 	 11951729 	 200
3L	11966230 	 11968444 	 2214
3L	11977109 	 11989791 	 12682
3L	11993005 	 11993055 	 50
3L	11994455 	 11994954 	 499
3L 	 12004697 	 12004820 	 123
3L	12006045 	 12006125 	 80
3L 	 12027865 	 12027983 	 118
3L	12042542 	 12042681 	 139
3L	12095701 	 12095910 	 209
3L	12128819 	 12129613 	 794
3L	12154420 	 12154655 	 235
3L 	 12184285 	 12184407 	 122
3L 	 12184369 	 12184407 	 38
3L 	 12184461 	 12184549 	 88
3L	12189190 	 12193236 	 4046
3L 	 12194433 	 12194548 	 115
3L 	 12200128 	 12200252 	 124
3L	12205755 	 12220872 	 15117
3L 	 12273688 	 12273809 	 121
3L 	 12308436 	 12308538 	 102
3L	12337617 	 12338717 	 1100
3L	12347458 	 12347506 	 48
3L 	 12360314 	 12360416 	 102
3L	12364812 	 12367396 	 2584
3L 	 12368999 	 12369118 	 119
3L 	 12370992 	 12371112 	 120
3L 	 12375466 	 12375587 	 121
3L	12393037 	 12393106 	 69
3L 	 12396779 	 12396882 	 103
3L	12417556 	 12417806 	 250
3L	12435716 	 12440434 	 4718
3L 	 12472575 	 12472683 	 108
3L 	 12473426 	 12473547 	 121
3L 	 12479110 	 12479212 	 102
3L	12507832 	 12522090 	 14258
3L	12534890 	 12535058 	 168
3L 	 12565951 	 12566069 	 118
3L 	 12567669 	 12567793 	 124
3L	12589736 	 12592353 	 2617
3L 	 12596984 	 12597098 	 114
3L 	 12604195 	 12604317 	 122
3L	12605460 	 12606066 	 606
3L 	 12646302 	 12646419 	 117
3L 	 12691398 	 12691524 	 126
3L 	 12767812 	 12767934 	 122
3L 	 12778760 	 12778859 	 99
3L	12799926 	 12800027 	 101
3L	12845409 	 12846613 	 1204
3L 	 12870018 	 12870102 	 84
3L 	 12871174 	 12871216 	 42
3L	12878393 	 12883989 	 5596
3L	12884447 	 12884528 	 81
3L 	 12888157 	 12888258 	 101
3L	12895207 	 12895634 	 427
3L	12983785 	 12984165 	 380
3L 	 12987697 	 12987805 	 108
3L	12994272 	 12994431 	 159
3L	13024624 	 13025659 	 1035
3L	13028883 	 13029293 	 410
3L	13033001 	 13041496 	 8495
3L	13043637 	 13050401 	 6764
3L	13051921 	 13055224 	 3303
3L	13061139 	 13065702 	 4563
3L	13068638 	 13068887 	 249
3L 	 13096372 	 13096494 	 122
3L	13097058 	 13097625 	 567
3L	13110356 	 13129882 	 19526
3L	13136205 	 13137911 	 1706
3L 	 13155667 	 13155773 	 106
3L	13160892 	 13161070 	 178
3L 	 13191445 	 13191568 	 123
3L	13200835 	 13214028 	 13193
3L 	 13215522 	 13215636 	 114
3L 	 13249134 	 13249252 	 118
3L	13308381 	 13309060 	 679
3L	13317035 	 13326676 	 9641
3L	13331892 	 13332690 	 798
3L	13349827 	 13376266 	 26439
3L	13377444 	 13383889 	 6445
3L	13395495 	 13395556 	 61
3L	13418516 	 13420059 	 1543
3L	13424007 	 13426565 	 2558
3L	13454454 	 13466588 	 12134
3L	13489587 	 13490476 	 889
3L	13491860 	 13494022 	 2162
3L	13535947 	 13537126 	 1179
3L	13555764 	 13560069 	 4305
3L	13574993 	 13575032 	 39
3L 	 13584431 	 13584516 	 85
3L 	 13586358 	 13586459 	 101
3L 	 13641462 	 13641575 	 113
3L 	 13661798 	 13661915 	 117
3L	13670213 	 13671452 	 1239
3L	13676057 	 13677406 	 1349
3L	13733469 	 13733608 	 139
3L	13734368 	 13734750 	 382
3L	13744586 	 13744767 	 181
3L 	 13763441 	 13763552 	 111
3L 	 13808460 	 13808505 	 45
3L 	 13813736 	 13813787 	 51
3L	13831539 	 13838247 	 6708
3L	13880337 	 13882196 	 1859
3L	13950256 	 13951034 	 778
3L 	 13964447 	 13964569 	 122
3L	13970568 	 13972393 	 1825
3L 	 13996798 	 13996916 	 118
3L 	 14020315 	 14020436 	 121
3L	14038723 	 14040552 	 1829
3L	14046669 	 14048028 	 1359
3L	14054990 	 14055282 	 292
3L	14059086 	 14062159 	 3073
3L	14062975 	 14063711 	 736
3L	14064602 	 14078360 	 13758
3L	14096858 	 14097735 	 877
3L 	 14138276 	 14138394 	 118
3L 	 14156664 	 14156779 	 115
3L	14176311 	 14176388 	 77
3L	14191516 	 14193560 	 2044
3L	14198178 	 14211617 	 13439
3L	14242633 	 14243000 	 367
3L 	 14271639 	 14271683 	 44
3L 	 14272089 	 14272206 	 117
3L 	 14291593 	 14291631 	 38
3L 	 14294630 	 14294748 	 118
3L	14308104 	 14309061 	 957
3L 	 14357513 	 14357633 	 120
3L	14368243 	 14369041 	 798
3L	14384043 	 14385216 	 1173
3L	14399370 	 14401783 	 2413
3L	14414699 	 14414887 	 188
3L	14424335 	 14424526 	 191
3L	14425390 	 14427148 	 1758
3L	14428408 	 14435617 	 7209
3L	14436640 	 14440970 	 4330
3L	14441861 	 14442590 	 729
3L	14444277 	 14457969 	 13692
3L	14482459 	 14484313 	 1854
3L 	 14497340 	 14497416 	 76
3L	14514412 	 14519136 	 4724
3L 	 14531428 	 14531551 	 123
3L 	 14550160 	 14550282 	 122
3L	14561443 	 14561884 	 441
3L	14578765 	 14579199 	 434
3L 	 14599157 	 14599256 	 99
3L	14609155 	 14617147 	 7992
3L 	 14631498 	 14631620 	 122
3L	14665938 	 14666041 	 103
3L 	 14703656 	 14703761 	 105
3L 	 14725784 	 14725833 	 49
3L 	 14747311 	 14747416 	 105
3L	14797825 	 14801643 	 3818
3L	14811004 	 14813807 	 2803
3L	14843333 	 14843386 	 53
3L	14849969 	 14850970 	 1001
3L	14876618 	 14877345 	 727
3L	14895612 	 14895915 	 303
3L	14929262 	 14935452 	 6190
3L 	 14937487 	 14937586 	 99
3L	14943150 	 14949438 	 6288
3L	14952673 	 14994636 	 41963
3L	14995580 	 14999754 	 4174
3L	15000170 	 15013629 	 13459
3L	15023068 	 15043067 	 19999
3L 	 15066075 	 15066199 	 124
3L	15069940 	 15078571 	 8631
3L 	 15139409 	 15139530 	 121
3L	15145678 	 15145813 	 135
3L 	 15187965 	 15188089 	 124
3L	15201167 	 15202614 	 1447
3L	15203229 	 15204919 	 1690
3L	15219146 	 15219196 	 50
3L	15238959 	 15242921 	 3962
3L	15248136 	 15274911 	 26775
3L	15327698 	 15330721 	 3023
3L 	 15350255 	 15350379 	 124
3L	15375296 	 15375936 	 640
3L	15381858 	 15391568 	 9710
3L	15392462 	 15392804 	 342
3L	15406353 	 15409008 	 2655
3L 	 15426624 	 15426708 	 84
3L	15431689 	 15447048 	 15359
3L	15456115 	 15456926 	 811
3L	15460543 	 15463120 	 2577
3L	15474075 	 15474562 	 487
3L	15476309 	 15476481 	 172
3L	15491299 	 15495198 	 3899
3L	15502174 	 15502561 	 387
3L	15523746 	 15530080 	 6334
3L	15531843 	 15533577 	 1734
3L	15546939 	 15550132 	 3193
3L	15558891 	 15560312 	 1421
3L	15591597 	 15591666 	 69
3L	15630786 	 15630836 	 50
3L 	 15646777 	 15646899 	 122
3L	15651551 	 15652664 	 1113
3L	15681971 	 15687259 	 5288
3L	15714709 	 15730231 	 15522
3L	15743507 	 15743568 	 61
3L	15769074 	 15769637 	 563
3L	15810261 	 15810559 	 298
3L	15817013 	 15822694 	 5681
3L	15831454 	 15841946 	 10492
3L 	 15921285 	 15921359 	 74
3L 	 15931434 	 15931555 	 121
3L	15937979 	 15943626 	 5647
3L 	 16039392 	 16039509 	 117
3L 	 16048512 	 16048634 	 122
3L	16065826 	 16068294 	 2468
3L 	 16089374 	 16089474 	 100
3L	16093345 	 16093548 	 203
3L	16095000 	 16095417 	 417
3L	16102744 	 16103558 	 814
3L 	 16126301 	 16126422 	 121
3L	16141231 	 16141427 	 196
3L 	 16221399 	 16221521 	 122
3L 	 16230453 	 16230557 	 104
3L	16246648 	 16246816 	 168
3L 	 16264559 	 16264683 	 124
3L	16270670 	 16271750 	 1080
3L	16291232 	 16293956 	 2724
3L	16297672 	 16297743 	 71
3L	16301983 	 16302560 	 577
3L	16314825 	 16315693 	 868
3L	16322299 	 16322375 	 76
3L 	 16347841 	 16347963 	 122
3L	16355244 	 16356954 	 1710
3L	16383055 	 16384552 	 1497
3L	16399319 	 16399392 	 73
3L	16420447 	 16421909 	 1462
3L 	 16495392 	 16495499 	 107
3L 	 16507460 	 16507546 	 86
3L	16530005 	 16530114 	 109
3L 	 16534551 	 16534673 	 122
3L	16543327 	 16544059 	 732
3L	16548475 	 16563773 	 15298
3L 	 16564376 	 16564462 	 86
3L 	 16564513 	 16564553 	 40
3L 	 16597485 	 16597531 	 46
3L 	 16605169 	 16605218 	 49
3L 	 16612494 	 16612570 	 76
3L 	 16621003 	 16621124 	 121
3L 	 16621374 	 16621484 	 110
3L	16650858 	 16654346 	 3488
3L	16662333 	 16664005 	 1672
3L 	 16676307 	 16676428 	 121
3L 	 16680128 	 16680233 	 105
3L	16695137 	 16696930 	 1793
3L	16721327 	 16730451 	 9124
3L 	 16744539 	 16744642 	 103
3L	16765216 	 16773266 	 8050
3L 	 16794542 	 16794639 	 97
3L 	 16835117 	 16835241 	 124
3L 	 16841616 	 16841736 	 120
3L 	 16850182 	 16850297 	 115
3L	16877711 	 16878744 	 1033
3L 	 16880798 	 16880874 	 76
3L 	 16880929 	 16880979 	 50
3L	16925386 	 16925968 	 582
3L 	 16949766 	 16949859 	 93
3L 	 16952684 	 16952809 	 125
3L 	 16954630 	 16954682 	 52
3L 	 17009981 	 17010104 	 123
3L	17035414 	 17039119 	 3705
3L	17039883 	 17041924 	 2041
3L	17042130 	 17042798 	 668
3L	17052233 	 17059080 	 6847
3L	17067188 	 17073712 	 6524
3L 	 17083799 	 17083905 	 106
3L 	 17089011 	 17089046 	 35
3L 	 17093839 	 17093884 	 45
3L	17118941 	 17119452 	 511
3L	17128593 	 17128715 	 122
3L	17131813 	 17155943 	 24130
3L	17163276 	 17163450 	 174
3L 	 17180098 	 17180220 	 122
3L	17205001 	 17208086 	 3085
3L 	 17240887 	 17240995 	 108
3L	17265758 	 17273226 	 7468
3L	17290089 	 17292573 	 2484
3L	17296586 	 17296650 	 64
3L	17313922 	 17333272 	 19350
3L	17338604 	 17344939 	 6335
3L	17362090 	 17376846 	 14756
3L	17406964 	 17408201 	 1237
3L 	 17454464 	 17454586 	 122
3L 	 17478639 	 17478760 	 121
3L	17481953 	 17483956 	 2003
3L	17501151 	 17502770 	 1619
3L 	 17508329 	 17508452 	 123
3L	17525357 	 17530626 	 5269
3L	17530961 	 17554847 	 23886
3L 	 17558810 	 17558934 	 124
3L 	 17566229 	 17566339 	 110
3L 	 17577274 	 17577397 	 123
3L	17592705 	 17592763 	 58
3L	17610476 	 17624546 	 14070
3L	17630016 	 17633962 	 3946
3L 	 17646578 	 17646680 	 102
3L	17648657 	 17655129 	 6472
3L 	 17703920 	 17704042 	 122
3L 	 17708881 	 17708986 	 105
3L	17713215 	 17719166 	 5951
3L 	 17721056 	 17721174 	 118
3L	17746134 	 17746305 	 171
3L	17777441 	 17777920 	 479
3L	17816359 	 17816411 	 52
3L	17844258 	 17844781 	 523
3L 	 17868135 	 17868194 	 59
3L 	 17870670 	 17870702 	 32
3L 	 17880863 	 17880959 	 96
3L	17884987 	 17893917 	 8930
3L 	 17897502 	 17897625 	 123
3L	17903155 	 17908451 	 5296
3L	17910351 	 17912889 	 2538
3L	17923423 	 17923912 	 489
3L	17942723 	 17943013 	 290
3L	17954197 	 17958851 	 4654
3L	17965745 	 17969850 	 4105
3L	17980060 	 17980508 	 448
3L 	 18000369 	 18000492 	 123
3L 	 18012046 	 18012164 	 118
3L	18041024 	 18044796 	 3772
3L 	 18072587 	 18072671 	 84
3L 	 18083536 	 18083653 	 117
3L	18103693 	 18106360 	 2667
3L	18107385 	 18110453 	 3068
3L	18169093 	 18169142 	 49
3L	18170234 	 18183605 	 13371
3L	18184786 	 18184940 	 154
3L 	 18192791 	 18192902 	 111
3L	18218867 	 18225128 	 6261
3L	18226399 	 18226854 	 455
3L 	 18229413 	 18229502 	 89
3L	18229502 	 18229554 	 52
3L	18250936 	 18254890 	 3954
3L	18258375 	 18261922 	 3547
3L	18275001 	 18284962 	 9961
3L	18288559 	 18291978 	 3419
3L	18316413 	 18322110 	 5697
3L	18358039 	 18361635 	 3596
3L 	 18370862 	 18370980 	 118
3L	18409801 	 18419076 	 9275
3L 	 18439807 	 18439908 	 101
3L	18448524 	 18454233 	 5709
3L 	 18518697 	 18518776 	 79
3L	18526021 	 18527300 	 1279
3L 	 18536072 	 18536169 	 97
3L	18562242 	 18565732 	 3490
3L	18577079 	 18577437 	 358
3L	18582595 	 18582654 	 59
3L	18600736 	 18605922 	 5186
3L	18618255 	 18618780 	 525
3L 	 18629674 	 18629783 	 109
3L 	 18689771 	 18689876 	 105
3L 	 18712982 	 18713057 	 75
3L	18747744 	 18748516 	 772
3L 	 18758980 	 18759103 	 123
3L	18764345 	 18767695 	 3350
3L 	 18777257 	 18777331 	 74
3L	18827467 	 18827569 	 102
3L	18830251 	 18830403 	 152
3L	18870535 	 18871319 	 784
3L	18908346 	 18913427 	 5081
3L	18926253 	 18931328 	 5075
3L	18935215 	 18935301 	 86
3L	18954215 	 18956675 	 2460
3L	18991997 	 18997375 	 5378
3L	19008380 	 19012197 	 3817
3L	19036190 	 19036728 	 538
3L	19056938 	 19057028 	 90
3L	19095829 	 19096579 	 750
3L	19098763 	 19098885 	 122
3L	19099134 	 19099796 	 662
3L 	 19101967 	 19102084 	 117
3L	19132356 	 19132534 	 178
3L 	 19154086 	 19154198 	 112
3L	19173682 	 19173788 	 106
3L	19179143 	 19179505 	 362
3L	19184688 	 19199071 	 14383
3L	19200638 	 19200702 	 64
3L	19202385 	 19224920 	 22535
3L	19249224 	 19249653 	 429
3L 	 19279690 	 19279811 	 121
3L	19300738 	 19300840 	 102
3L 	 19327160 	 19327282 	 122
3L	19329985 	 19330043 	 58
3L 	 19333701 	 19333829 	 128
3L	19336683 	 19336911 	 228
3L 	 19399315 	 19399381 	 66
3L	19402698 	 19403230 	 532
3L 	 19455853 	 19455956 	 103
3L	19456711 	 19456766 	 55
3L	19458916 	 19483923 	 25007
3L	19492717 	 19492769 	 52
3L 	 19508231 	 19508353 	 122
3L	19518603 	 19528076 	 9473
3L	19535911 	 19538860 	 2949
3L	19552787 	 19563628 	 10841
3L 	 19569544 	 19569649 	 105
3L 	 19658925 	 19659004 	 79
3L 	 19659917 	 19660020 	 103
3L	19692231 	 19699416 	 7185
3L	19705523 	 19706427 	 904
3L 	 19716943 	 19716996 	 53
3L 	 19748193 	 19748289 	 96
3L 	 19748215 	 19748289 	 74
3L 	 19748359 	 19748482 	 123
3L 	 19781551 	 19781660 	 109
3L	19791747 	 19800404 	 8657
3L	19809509 	 19810305 	 796
3L	19817874 	 19817924 	 50
3L	19832886 	 19833734 	 848
3L	19840465 	 19843148 	 2683
3L 	 19851180 	 19851212 	 32
3L 	 19851971 	 19852059 	 88
3L	19858374 	 19861591 	 3217
3L 	 19892135 	 19892242 	 107
3L	19908985 	 19913823 	 4838
3L	19915783 	 19917679 	 1896
3L	19951681 	 19952706 	 1025
3L 	 19960345 	 19960458 	 113
3L 	 19966485 	 19966591 	 106
3L	19967810 	 19974349 	 6539
3L	20005209 	 20017991 	 12782
3L 	 20024108 	 20024227 	 119
3L	20024666 	 20024735 	 69
3L 	 20067352 	 20067460 	 108
3L 	 20083463 	 20083568 	 105
3L	20091412 	 20091528 	 116
3L 	 20098621 	 20098658 	 37
3L 	 20107351 	 20107440 	 89
3L 	 20124046 	 20124097 	 51
3L	20126287 	 20126471 	 184
3L	20135430 	 20136579 	 1149
3L	20149715 	 20152365 	 2650
3L	20170041 	 20174451 	 4410
3L 	 20195869 	 20195915 	 46
3L	20221426 	 20223883 	 2457
3L	20225626 	 20232927 	 7301
3L	20237820 	 20239484 	 1664
3L	20241835 	 20255804 	 13969
3L 	 20256472 	 20256592 	 120
3L	20260403 	 20282467 	 22064
3L	20312444 	 20316780 	 4336
3L 	 20317113 	 20317154 	 41
3L 	 20317557 	 20317643 	 86
3L 	 20325555 	 20325678 	 123
3L 	 20331424 	 20331523 	 99
3L	20349495 	 20351358 	 1863
3L 	 20387783 	 20387820 	 37
3L 	 20388899 	 20388988 	 89
3L	20390141 	 20392539 	 2398
3L	20407351 	 20413420 	 6069
3L	20429315 	 20429564 	 249
3L	20431765 	 20450027 	 18262
3L	20454424 	 20454561 	 137
3L	20466753 	 20466888 	 135
3L	20473419 	 20473499 	 80
3L 	 20477158 	 20477207 	 49
3L	20521004 	 20532381 	 11377
3L 	 20543532 	 20543656 	 124
3L	20547262 	 20547839 	 577
3L	20550691 	 20552541 	 1850
3L	20553832 	 20554111 	 279
3L	20561613 	 20566047 	 4434
3L	20615160 	 20615214 	 54
3L	20616166 	 20617670 	 1504
3L 	 20640171 	 20640276 	 105
3L 	 20649491 	 20649600 	 109
3L 	 20654647 	 20654749 	 102
3L 	 20693934 	 20694051 	 117
3L 	 20704363 	 20704460 	 97
3L 	 20704495 	 20704595 	 100
3L 	 20708869 	 20708978 	 109
3L 	 20722282 	 20722391 	 109
3L	20758826 	 20770305 	 11479
3L	20783970 	 20786892 	 2922
3L 	 20846575 	 20846662 	 87
3L 	 20846712 	 20846751 	 39
3L	20877711 	 20879697 	 1986
3L 	 20911462 	 20911562 	 100
3L 	 20922889 	 20922992 	 103
3L	20934864 	 20937133 	 2269
3L	20957983 	 20965235 	 7252
3L	20987666 	 21005758 	 18092
3L	21006948 	 21007197 	 249
3L 	 21016000 	 21016041 	 41
3L	21052511 	 21074233 	 21722
3L	21088974 	 21089039 	 65
3L 	 21103556 	 21103678 	 122
3L 	 21153247 	 21153301 	 54
3L 	 21154518 	 21154632 	 114
3L	21174774 	 21177824 	 3050
3L 	 21180652 	 21180757 	 105
3L 	 21187049 	 21187102 	 53
3L 	 21187191 	 21187263 	 72
3L 	 21188153 	 21188265 	 112
3L	21222871 	 21223600 	 729
3L	21231486 	 21235770 	 4284
3L	21238791 	 21239149 	 358
3L 	 21249096 	 21249134 	 38
3L 	 21260008 	 21260130 	 122
3L 	 21297018 	 21297140 	 122
3L 	 21322635 	 21322737 	 102
3L	21346597 	 21347117 	 520
3L 	 21376327 	 21376391 	 64
3L	21380974 	 21394307 	 13333
3L	21395548 	 21401982 	 6434
3L 	 21405059 	 21405181 	 122
3L	21425723 	 21425898 	 175
3L	21437320 	 21440939 	 3619
3L 	 21449849 	 21449951 	 102
3L 	 21467970 	 21468092 	 122
3L	21472553 	 21473619 	 1066
3L	21484040 	 21484357 	 317
3L	21484984 	 21487533 	 2549
3L 	 21498542 	 21498622 	 80
3L 	 21526487 	 21526601 	 114
3L 	 21528513 	 21528611 	 98
3L	21539728 	 21540161 	 433
3L	21546766 	 21547989 	 1223
3L 	 21556024 	 21556130 	 106
3L	21593773 	 21604304 	 10531
3L	21607880 	 21608019 	 139
3L	21618103 	 21636627 	 18524
3L	21644132 	 21680339 	 36207
3L 	 21705227 	 21705341 	 114
3L	21715364 	 21733627 	 18263
3L 	 21738403 	 21738508 	 105
3L 	 21752766 	 21752879 	 113
3L 	 21753586 	 21753657 	 71
3L 	 21753844 	 21753965 	 121
3L	21758021 	 21758695 	 674
3L	21780289 	 21800123 	 19834
3L 	 21814580 	 21814679 	 99
3L 	 21833576 	 21833684 	 108
3L	21877326 	 21879384 	 2058
3L	21885393 	 21885668 	 275
3L	21886470 	 21891133 	 4663
3L	21900001 	 21903490 	 3489
3L	21912029 	 21915833 	 3804
3L	21933662 	 21957797 	 24135
3L	22000562 	 22002138 	 1576
3L 	 22025261 	 22025371 	 110
3L	22042168 	 22042217 	 49
3L	22074498 	 22074836 	 338
3L	22079443 	 22084292 	 4849
3L	22085185 	 22093615 	 8430
3L 	 22097600 	 22097645 	 45
3L 	 22104952 	 22105034 	 82
3L	22108280 	 22110782 	 2502
3L	22118802 	 22119282 	 480
3L	22147156 	 22155702 	 8546
3L	22159368 	 22174001 	 14633
3L	22207258 	 22207909 	 651
3L	22209689 	 22217769 	 8080
3L	22221343 	 22229943 	 8600
3L	22236066 	 22236221 	 155
3L	22239102 	 22239170 	 68
3L	22239450 	 22239533 	 83
3L	22286032 	 22301070 	 15038
3L 	 22309361 	 22309481 	 120
3L	22315851 	 22320311 	 4460
3L 	 22344991 	 22345024 	 33
3L 	 22347890 	 22347984 	 94
3L	22363710 	 22368034 	 4324
3L	22375835 	 22376181 	 346
3L	22427050 	 22434606 	 7556
3L 	 22445539 	 22445661 	 122
3L	22477952 	 22481188 	 3236
3L	22482922 	 22482976 	 54
3L 	 22497692 	 22497811 	 119
3L	22503766 	 22503840 	 74
3L	22520469 	 22522041 	 1572
3L	22563092 	 22575934 	 12842
3L 	 22615670 	 22615781 	 111
3L 	 22620051 	 22620174 	 123
3L 	 22622611 	 22622692 	 81
3L 	 22639211 	 22639317 	 106
3L	22642748 	 22642945 	 197
3L	22685167 	 22690282 	 5115
3L 	 22730078 	 22730172 	 94
3L 	 22743366 	 22743398 	 32
3L 	 22752627 	 22752692 	 65
3L 	 22753027 	 22753089 	 62
3L 	 22760837 	 22760956 	 119
3L 	 22762026 	 22762110 	 84
3L 	 22765237 	 22765271 	 34
3L	22776891 	 22782007 	 5116
3L	22782794 	 22784619 	 1825
3L	22792670 	 22793594 	 924
3L 	 22800129 	 22800181 	 52
3L 	 22809919 	 22809954 	 35
3L	22815221 	 22815427 	 206
3L 	 22819013 	 22819104 	 91
3L	22822769 	 22833883 	 11114
3L	22835334 	 22836867 	 1533
3L	22838482 	 22853833 	 15351
3L	22890802 	 22897006 	 6204
3L	22902656 	 22903544 	 888
3L	22914319 	 22919444 	 5125
3L 	 22992619 	 22992684 	 65
3L 	 23046901 	 23047021 	 120
3L	23071631 	 23072408 	 777
3L	23075816 	 23076613 	 797
3L 	 23079091 	 23079205 	 114
3L	23082918 	 23083228 	 310
3L	23086915 	 23087144 	 229
3L	23093487 	 23093576 	 89
3L	23096021 	 23109768 	 13747
3L 	 23124519 	 23124590 	 71
3L 	 23164345 	 23164418 	 73
3L 	 23180823 	 23180876 	 53
3L	23185608 	 23186646 	 1038
3L	23196921 	 23197835 	 914
3L	23246971 	 23248483 	 1512
3L	23261716 	 23261875 	 159
3L 	 23285274 	 23285368 	 94
3L 	 23292799 	 23292831 	 32
3L	23328199 	 23328824 	 625
3L	23329205 	 23330477 	 1272
3L	23335220 	 23335351 	 131
3L 	 23344858 	 23344979 	 121
3L 	 23357270 	 23357374 	 104
3L 	 23357611 	 23357733 	 122
3L 	 23370964 	 23371036 	 72
3L 	 23371719 	 23371834 	 115
3L 	 23372673 	 23372714 	 41
3L 	 23373259 	 23373381 	 122
3L 	 23376749 	 23376844 	 95
3L 	 23413505 	 23413627 	 122
3L 	 23422416 	 23422467 	 51
3L 	 23423527 	 23423608 	 81
3L	23462712 	 23463389 	 677
3L 	 23477962 	 23478070 	 108
3L 	 23506784 	 23506848 	 64
3L 	 23550076 	 23550182 	 106
3L 	 23551000 	 23551055 	 55
3L 	 23556501 	 23556572 	 71
3L 	 23567319 	 23567365 	 46
3L	23613241 	 23614191 	 950
3L	23642652 	 23643542 	 890
3L 	 23651363 	 23651472 	 109
3L	23672496 	 23673993 	 1497
3L 	 23685117 	 23685216 	 99
3L 	 23692243 	 23692361 	 118
3L 	 23697279 	 23697384 	 105
3L	23752582 	 23752760 	 178
3L 	 23781687 	 23781749 	 62
3L 	 23806369 	 23806477 	 108
3L 	 23813857 	 23813941 	 84
3L 	 23826955 	 23827010 	 55
3L	23842467 	 23843970 	 1503
3L	23857462 	 23858267 	 805
3L 	 23899092 	 23899202 	 110
3L 	 23913468 	 23913591 	 123
3L 	 23916312 	 23916425 	 113
3L 	 23943054 	 23943096 	 42
3L	23970460 	 23970557 	 97
3L 	 23972068 	 23972132 	 64
3L 	 23982853 	 23982919 	 66
3L 	 23997987 	 23998049 	 62
3L 	 24011777 	 24011819 	 42
3L 	 24018667 	 24018705 	 38
3L 	 24021196 	 24021280 	 84
3L 	 24047226 	 24047341 	 115
3L	24076298 	 24085690 	 9392
3L 	 24089622 	 24089694 	 72
3L 	 24096041 	 24096160 	 119
3L	24106196 	 24107471 	 1275
3L	24110513 	 24117409 	 6896
3L	24118854 	 24122337 	 3483
3L	24129225 	 24129273 	 48
3L 	 24139334 	 24139458 	 124
3L 	 24156767 	 24156846 	 79
3L 	 24173563 	 24173610 	 47
3L	24195778 	 24197199 	 1421
3L 	 24203256 	 24203302 	 46
3L 	 24203377 	 24203501 	 124
3L 	 24229921 	 24229984 	 63
3L 	 24230599 	 24230637 	 38
3L 	 24257643 	 24257731 	 88
3L 	 24262126 	 24262228 	 102
3L	24322487 	 24322552 	 65
3L 	 24331775 	 24331888 	 113
3L 	 24333346 	 24333432 	 86
3L 	 24371963 	 24372075 	 112
3L	24374339 	 24374762 	 423
3L 	 24377591 	 24377674 	 83
3L 	 24383153 	 24383261 	 108
3L 	 24394230 	 24394310 	 80
3L 	 24407243 	 24407348 	 105
3L 	 24412549 	 24412670 	 121
3L 	 24424062 	 24424184 	 122
3L 	 24425145 	 24425179 	 34
3L 	 24428948 	 24428980 	 32
3L 	 24430408 	 24430490 	 82
3L 	 24438668 	 24438714 	 46
3L 	 24487579 	 24487671 	 92
3L 	 24521637 	 24521704 	 67
3L 	 24522683 	 24522726 	 43
3L 	 24532394 	 24532504 	 110
3L 	 24543514 	 24543602 	 88
3L 	 24546317 	 24546355 	 38
3L 	 24549756 	 24549853 	 97
3L 	 24550246 	 24550362 	 116
3L 	 24553788 	 24553860 	 72
3L	24556701 	 24556801 	 100
3L 	 24557698 	 24557797 	 99
3L 	 24563323 	 24563434 	 111
3L	24565051 	 24568596 	 3545
3L	24573633 	 24573986 	 353
3L 	 24578371 	 24578487 	 116
3L 	 24580665 	 24580745 	 80
3L	24591051 	 24591262 	 211
3L	24592984 	 24593084 	 100
3L	24604051 	 24604540 	 489
3L 	 24605865 	 24605898 	 33
3L 	 24621606 	 24621725 	 119
3L 	 24631038 	 24631132 	 94
3L 	 24636754 	 24636867 	 113
3L 	 24637205 	 24637315 	 110
3L 	 24661040 	 24661112 	 72
3L 	 24666599 	 24666641 	 42
3L 	 24679033 	 24679130 	 97
3L 	 24691591 	 24691696 	 105
3L	24736980 	 24738928 	 1948
3L 	 24740168 	 24740278 	 110
3L	24750049 	 24750477 	 428
3L	24760382 	 24766388 	 6006
3L	24781393 	 24781444 	 51
3L 	 24815277 	 24815380 	 103
3L 	 24824525 	 24824569 	 44
3L 	 24826695 	 24826790 	 95
3L 	 24854829 	 24854875 	 46
3L 	 24856906 	 24856978 	 72
3L 	 24857517 	 24857637 	 120
3L 	 24871130 	 24871165 	 35
3L 	 24883323 	 24883382 	 59
3L 	 24885369 	 24885424 	 55
3L 	 24911560 	 24911669 	 109
3L	24913061 	 24913413 	 352
3L 	 24937336 	 24937375 	 39
3L	24945022 	 24948294 	 3272
3L 	 24952795 	 24952902 	 107
3L 	 24956293 	 24956385 	 92
3L 	 24988754 	 24988814 	 60
3L 	 25000485 	 25000553 	 68
3L	25000734 	 25001398 	 664
3L 	 25035222 	 25035287 	 65
3L 	 25040720 	 25040756 	 36
3L 	 25041463 	 25041508 	 45
3L 	 25043654 	 25043715 	 61
3L 	 25050697 	 25050798 	 101
3L	25074360 	 25074416 	 56
3L 	 25080497 	 25080570 	 73
3L 	 25080959 	 25081001 	 42
3L 	 25096456 	 25096508 	 52
3L 	 25139617 	 25139726 	 109
3L	25147713 	 25154980 	 7267
3L 	 25172574 	 25172630 	 56
3L 	 25180786 	 25180888 	 102
3L 	 25181811 	 25181905 	 94
3L 	 25189595 	 25189677 	 82
3L 	 25193859 	 25193981 	 122
3L	25231347 	 25231695 	 348
3L 	 25241289 	 25241341 	 52
3L 	 25308847 	 25308909 	 62
3L	25321776 	 25321954 	 178
3L 	 25334529 	 25334649 	 120
3L 	 25360745 	 25360822 	 77
3L 	 25374767 	 25374854 	 87
3L	25378892 	 25379267 	 375
3L 	 25386079 	 25386196 	 117
3L 	 25386607 	 25386664 	 57
3L 	 25388463 	 25388519 	 56
3L 	 25390121 	 25390226 	 105
3L 	 25396332 	 25396363 	 31
3L	25398073 	 25399132 	 1059
3L 	 25406699 	 25406822 	 123
3L 	 25410329 	 25410383 	 54
3L 	 25412955 	 25413057 	 102
3L	25429655 	 25430313 	 658
3L 	 25441209 	 25441318 	 109
3L 	 25446955 	 25447041 	 86
3L 	 25456177 	 25456218 	 41
3L 	 25458614 	 25458684 	 70
3L 	 25465952 	 25466031 	 79
3L 	 25473418 	 25473469 	 51
3L 	 25526481 	 25526585 	 104
3L 	 25532272 	 25532374 	 102
3L 	 25566063 	 25566164 	 101
3L 	 25579059 	 25579165 	 106
3L 	 25590256 	 25590306 	 50
3L 	 25591236 	 25591285 	 49
3L 	 25592092 	 25592167 	 75
3L 	 25597874 	 25597906 	 32
3L	25601877 	 25602228 	 351
3L 	 25603500 	 25603585 	 85
3L 	 25613725 	 25613788 	 63
3L 	 25646812 	 25646878 	 66
3L 	 25652488 	 25652554 	 66
3L 	 25672701 	 25672800 	 99
3L 	 25679506 	 25679617 	 111
3L 	 25688503 	 25688584 	 81
3L 	 25712777 	 25712822 	 45
3L 	 25724918 	 25725039 	 121
3L 	 25733784 	 25733829 	 45
3L 	 25741424 	 25741481 	 57
3L 	 25765096 	 25765179 	 83
3L	25766718 	 25770781 	 4063
3L 	 25774460 	 25774514 	 54
3L 	 25781242 	 25781318 	 76
3L 	 25792144 	 25792203 	 59
3L 	 25810615 	 25810657 	 42
3L 	 25824606 	 25824683 	 77
3L 	 25838930 	 25839052 	 122
3L 	 25844608 	 25844669 	 61
3L 	 25866625 	 25866690 	 65
3L 	 25866837 	 25866944 	 107
3L 	 25880167 	 25880229 	 62
3L 	 25882993 	 25883057 	 64
3L 	 25891706 	 25891739 	 33
3L 	 25906862 	 25906906 	 44
3L 	 25909932 	 25910050 	 118
3L 	 25923069 	 25923169 	 100
3L	25954027 	 25954570 	 543
3L 	 25984843 	 25984966 	 123
3L 	 25989822 	 25989944 	 122
3L 	 26006582 	 26006676 	 94
3L	26013760 	 26015022 	 1262
3L 	 26038869 	 26038979 	 110
3L 	 26039127 	 26039231 	 104
3L 	 26044479 	 26044539 	 60
3L 	 26053560 	 26053626 	 66
3L 	 26057762 	 26057834 	 72
3L	26066464 	 26068232 	 1768
3L 	 26071523 	 26071556 	 33
3L	26073805 	 26073843 	 38
3L 	 26076766 	 26076886 	 120
3L 	 26078796 	 26078898 	 102
3L 	 26082199 	 26082284 	 85
3L 	 26089192 	 26089252 	 60
3L	26101515 	 26101665 	 150
3L 	 26103470 	 26103509 	 39
3L 	 26110980 	 26111101 	 121
3L 	 26111151 	 26111238 	 87
3L	26117354 	 26119452 	 2098
3L 	 26122472 	 26122560 	 88
3L 	 26123561 	 26123611 	 50
3L 	 26126048 	 26126135 	 87
3L 	 26143964 	 26144087 	 123
3L	26152665 	 26152839 	 174
3L 	 26154045 	 26154158 	 113
3L 	 26154577 	 26154654 	 77
3L 	 26169842 	 26169945 	 103
3L 	 26184846 	 26184904 	 58
3L 	 26193758 	 26193861 	 103
3L 	 26205588 	 26205647 	 59
3L 	 26208718 	 26208786 	 68
3L 	 26214748 	 26214804 	 56
3L	26220937 	 26222777 	 1840
3L 	 26235148 	 26235184 	 36
3L 	 26240027 	 26240077 	 50
3L 	 26252443 	 26252566 	 123
3L 	 26262828 	 26262875 	 47
3L 	 26274725 	 26274755 	 30
3L 	 26276088 	 26276168 	 80
3L	26299365 	 26301687 	 2322
3L 	 26314309 	 26314344 	 35
3L 	 26321130 	 26321178 	 48
3L	26373964 	 26374045 	 81
3L 	 26396098 	 26396138 	 40
3L 	 26396772 	 26396896 	 124
3L 	 26428994 	 26429036 	 42
3L 	 26435286 	 26435401 	 115
3L 	 26437287 	 26437359 	 72
3L 	 26457905 	 26457988 	 83
3L 	 26459895 	 26459980 	 85
3L 	 26467796 	 26467897 	 101
3L 	 26491023 	 26491131 	 108
3L 	 26505194 	 26505251 	 57
3L 	 26514412 	 26514524 	 112
3L 	 26520433 	 26520464 	 31
3L	26532480 	 26534704 	 2224
3L 	 26537662 	 26537752 	 90
3L 	 26554265 	 26554303 	 38
3L 	 26576858 	 26576979 	 121
3L 	 26623349 	 26623469 	 120
3L	26666197 	 26671882 	 5685
3L 	 26676637 	 26676695 	 58
3L	26684525 	 26684852 	 327
3L 	 26702233 	 26702321 	 88
3L 	 26702278 	 26702321 	 43
3L 	 26709286 	 26709318 	 32
3L 	 26717600 	 26717722 	 122
3L	26733300 	 26738081 	 4781
3L	26740586 	 26742518 	 1932
3L	26754812 	 26764547 	 9735
3L 	 26766930 	 26766966 	 36
3L 	 26775164 	 26775235 	 71
3L 	 26778811 	 26778900 	 89
3L 	 26792390 	 26792489 	 99
3L 	 26811072 	 26811155 	 83
3L 	 26812933 	 26812984 	 51
3L 	 26819423 	 26819470 	 47
3L 	 26825754 	 26825847 	 93
3L	26830666 	 26830971 	 305
3L 	 26835934 	 26836050 	 116
3L 	 26841574 	 26841668 	 94
3L 	 26860188 	 26860300 	 112
3L	26882321 	 26936256 	 53935
3L 	 26944628 	 26944703 	 75
3L 	 26952447 	 26952525 	 78
3L 	 27007759 	 27007823 	 64
3L 	 27038270 	 27038310 	 40
3L	27077823 	 27078657 	 834
3L 	 27107830 	 27107900 	 70
3L 	 27118757 	 27118791 	 34
3L 	 27119594 	 27119648 	 54
3L	27140518 	 27145361 	 4843
3L 	 27154364 	 27154443 	 79
3L	27165236 	 27170364 	 5128
3L 	 27178639 	 27178688 	 49
3L 	 27187959 	 27187989 	 30
3L 	 27188613 	 27188710 	 97
3L 	 27231755 	 27231843 	 88
3L 	 27242780 	 27242844 	 64
3L 	 27262643 	 27262720 	 77
3L 	 27273451 	 27273500 	 49
3L	27276066 	 27282878 	 6812
3L	27317238 	 27318062 	 824
3L	27333130 	 27334079 	 949
3L	27334786 	 27339491 	 4705
3L 	 27341783 	 27341835 	 52
3L 	 27345728 	 27345842 	 114
3L 	 27375847 	 27375945 	 98
3L	27377315 	 27378564 	 1249
3L	27381064 	 27381126 	 62
3L 	 27386892 	 27386938 	 46
3L	27394607 	 27398257 	 3650
3L 	 27403633 	 27403743 	 110
3L 	 27418994 	 27419117 	 123
3L 	 27427801 	 27427905 	 104
3L 	 27437281 	 27437384 	 103
3L 	 27444926 	 27444981 	 55
3L 	 27461276 	 27461398 	 122
3L 	 27461328 	 27461394 	 66
3L 	 27465522 	 27465628 	 106
3L 	 27469834 	 27469923 	 89
3L 	 27477097 	 27477166 	 69
3L 	 27495381 	 27495413 	 32
3L 	 27496745 	 27496797 	 52
3L 	 27520460 	 27520492 	 32
3L 	 27523610 	 27523694 	 84
3L	27545934 	 27546054 	 120
3L 	 27549090 	 27549160 	 70
3L 	 27554987 	 27555033 	 46
3L	27576284 	 27576422 	 138
3L 	 27595300 	 27595419 	 119
3L 	 27617425 	 27617484 	 59
3L 	 27623741 	 27623800 	 59
3L 	 27629994 	 27630048 	 54
3L 	 27641300 	 27641412 	 112
3L 	 27643151 	 27643224 	 73
3L 	 27677627 	 27677743 	 116
3L 	 27689054 	 27689106 	 52
3L 	 27694427 	 27694548 	 121
3L 	 27709089 	 27709163 	 74
3L	27718325 	 27719774 	 1449
3L 	 27730670 	 27730718 	 48
3L 	 27733303 	 27733380 	 77
3L 	 27755223 	 27755311 	 88
3L 	 27756770 	 27756808 	 38
3L 	 27764069 	 27764112 	 43
3L 	 27765819 	 27765849 	 30
3L 	 27779126 	 27779165 	 39
3L 	 27785073 	 27785142 	 69
3L 	 27790405 	 27790437 	 32
3L 	 27794896 	 27794970 	 74
3L 	 27798706 	 27798790 	 84
3L	27855023 	 27855143 	 120
3L 	 27880680 	 27880715 	 35
3L 	 27942888 	 27943007 	 119
3L 	 27948344 	 27948415 	 71
3L 	 27964231 	 27964351 	 120
3L 	 27967324 	 27967379 	 55
3L 	 27969484 	 27969611 	 127
3L 	 27984975 	 27985094 	 119
3L 	 28014604 	 28014711 	 107
3L 	 28023321 	 28023431 	 110
3L 	 28026619 	 28026650 	 31
3L 	 28027873 	 28027969 	 96
3L 	 28038320 	 28038447 	 127
3L 	 28038974 	 28039096 	 122
3L 	 28042955 	 28042996 	 41
3L	28052581 	 28060537 	 7956
3L 	 28060857 	 28060984 	 127
3L 	 28065048 	 28065167 	 119
3L 	 28108703 	 28108787 	 84
3R 	 784 	 905 	 121
3R 	 9495 	 9601 	 106
3R 	 13624 	 13746 	 122
3R 	 18792 	 18908 	 116
3R	27270 	 27370 	 100
3R	30824 	 30924 	 100
3R 	 43920 	 43957 	 37
3R 	 44390 	 44499 	 109
3R 	 52704 	 52789 	 85
3R 	 53139 	 53184 	 45
3R 	 60000 	 60127 	 127
3R 	 69134 	 69233 	 99
3R 	 88678 	 88766 	 88
3R 	 95427 	 95466 	 39
3R 	 103004 	 103036 	 32
3R 	 114020 	 114053 	 33
3R 	 119565 	 119660 	 95
3R 	 122566 	 122625 	 59
3R 	 127063 	 127164 	 101
3R 	 129269 	 129352 	 83
3R 	 144885 	 144996 	 111
3R 	 158133 	 158252 	 119
3R 	 165631 	 165674 	 43
3R 	 167166 	 167237 	 71
3R 	 168555 	 168639 	 84
3R	168925 	 168935 	 10
3R 	 189053 	 189145 	 92
3R 	 201353 	 201427 	 74
3R 	 213886 	 213951 	 65
3R 	 221836 	 221941 	 105
3R 	 258165 	 258282 	 117
3R 	 268481 	 268538 	 57
3R 	 287558 	 287662 	 104
3R 	 289057 	 289100 	 43
3R 	 301860 	 301989 	 129
3R 	 304989 	 305068 	 79
3R 	 324238 	 324359 	 121
3R 	 337332 	 337418 	 86
3R 	 343238 	 343356 	 118
3R 	 346836 	 346939 	 103
3R 	 360506 	 360550 	 44
3R 	 372136 	 372193 	 57
3R 	 373824 	 373863 	 39
3R 	 383259 	 383382 	 123
3R 	 387462 	 387582 	 120
3R 	 396821 	 396897 	 76
3R 	 401719 	 401759 	 40
3R 	 442140 	 442219 	 79
3R 	 453631 	 453735 	 104
3R 	 461228 	 461304 	 76
3R 	 468343 	 468393 	 50
3R 	 486649 	 486737 	 88
3R 	 488877 	 488937 	 60
3R	492333 	 492778 	 445
3R 	 494095 	 494165 	 70
3R 	 498369 	 498421 	 52
3R 	 499999 	 500057 	 58
3R 	 508553 	 508591 	 38
3R 	 522447 	 522542 	 95
3R 	 527847 	 527924 	 77
3R	545559 	 548807 	 3248
3R 	 587677 	 587782 	 105
3R 	 591631 	 591743 	 112
3R	591956 	 592033 	 77
3R 	 596864 	 596973 	 109
3R 	 602040 	 602162 	 122
3R 	 613352 	 613471 	 119
3R 	 618206 	 618300 	 94
3R 	 687800 	 687907 	 107
3R 	 711617 	 711648 	 31
3R 	 711717 	 711812 	 95
3R 	 739430 	 739480 	 50
3R 	 744418 	 744453 	 35
3R 	 749081 	 749137 	 56
3R 	 766362 	 766486 	 124
3R 	 786961 	 787065 	 104
3R 	 806389 	 806469 	 80
3R 	 838800 	 838845 	 45
3R 	 851021 	 851068 	 47
3R	892016 	 893785 	 1769
3R 	 913552 	 913660 	 108
3R 	 913724 	 913835 	 111
3R 	 939376 	 939479 	 103
3R 	 943891 	 943998 	 107
3R 	 973387 	 973502 	 115
3R 	 978290 	 978410 	 120
3R 	 978346 	 978410 	 64
3R	984077 	 984137 	 60
3R 	 992866 	 992912 	 46
3R 	 999407 	 999453 	 46
3R 	 1000515 	 1000588 	 73
3R 	 1060253 	 1060328 	 75
3R 	 1082877 	 1082979 	 102
3R 	 1094715 	 1094801 	 86
3R 	 1096611 	 1096668 	 57
3R	1101682 	 1101847 	 165
3R 	 1117803 	 1117843 	 40
3R	1156727 	 1163199 	 6472
3R	1168002 	 1168891 	 889
3R 	 1177542 	 1177617 	 75
3R 	 1183751 	 1183802 	 51
3R	1199186 	 1202391 	 3205
3R	1220340 	 1224114 	 3774
3R 	 1226043 	 1226167 	 124
3R	1248767 	 1249684 	 917
3R 	 1259389 	 1259437 	 48
3R 	 1274532 	 1274651 	 119
3R	1289871 	 1298350 	 8479
3R 	 1319591 	 1319686 	 95
3R 	 1328853 	 1328884 	 31
3R 	 1334069 	 1334178 	 109
3R 	 1353712 	 1353800 	 88
3R 	 1385300 	 1385363 	 63
3R 	 1406397 	 1406521 	 124
3R 	 1427446 	 1427568 	 122
3R 	 1461865 	 1461915 	 50
3R 	 1468766 	 1468865 	 99
3R 	 1470161 	 1470269 	 108
3R 	 1494547 	 1494659 	 112
3R 	 1495186 	 1495299 	 113
3R 	 1495612 	 1495679 	 67
3R 	 1501470 	 1501529 	 59
3R 	 1502253 	 1502369 	 116
3R 	 1508999 	 1509084 	 85
3R 	 1515797 	 1515899 	 102
3R 	 1535031 	 1535084 	 53
3R 	 1535295 	 1535405 	 110
3R 	 1536983 	 1537035 	 52
3R 	 1538478 	 1538532 	 54
3R 	 1555518 	 1555594 	 76
3R 	 1558043 	 1558165 	 122
3R 	 1559214 	 1559324 	 110
3R 	 1568778 	 1568844 	 66
3R 	 1578189 	 1578250 	 61
3R	1593662 	 1593719 	 57
3R 	 1597365 	 1597463 	 98
3R	1621079 	 1621187 	 108
3R 	 1625318 	 1625369 	 51
3R 	 1626259 	 1626292 	 33
3R 	 1634910 	 1634975 	 65
3R 	 1639236 	 1639285 	 49
3R 	 1645205 	 1645266 	 61
3R 	 1728906 	 1728955 	 49
3R 	 1748486 	 1748548 	 62
3R 	 1785288 	 1785367 	 79
3R 	 1796054 	 1796157 	 103
3R 	 1816865 	 1816911 	 46
3R 	 1828556 	 1828639 	 83
3R	1833588 	 1839862 	 6274
3R	1844504 	 1844677 	 173
3R	1856941 	 1857045 	 104
3R	1864421 	 1865306 	 885
3R	1869372 	 1874519 	 5147
3R 	 1882401 	 1882461 	 60
3R 	 1885946 	 1886043 	 97
3R 	 1894364 	 1894401 	 37
3R 	 1899062 	 1899180 	 118
3R 	 1906490 	 1906526 	 36
3R 	 1940272 	 1940369 	 97
3R 	 1944076 	 1944108 	 32
3R 	 1954651 	 1954771 	 120
3R 	 1975781 	 1975827 	 46
3R 	 1992132 	 1992232 	 100
3R 	 2009711 	 2009785 	 74
3R 	 2016751 	 2016809 	 58
3R 	 2020431 	 2020511 	 80
3R 	 2031906 	 2031978 	 72
3R 	 2033823 	 2033877 	 54
3R 	 2040110 	 2040156 	 46
3R 	 2043767 	 2043869 	 102
3R 	 2054357 	 2054416 	 59
3R 	 2073246 	 2073315 	 69
3R 	 2075067 	 2075136 	 69
3R	2099420 	 2100671 	 1251
3R 	 2114020 	 2114058 	 38
3R 	 2122212 	 2122245 	 33
3R 	 2148217 	 2148287 	 70
3R 	 2153842 	 2153876 	 34
3R 	 2156321 	 2156399 	 78
3R	2158238 	 2159400 	 1162
3R 	 2171644 	 2171674 	 30
3R 	 2184042 	 2184111 	 69
3R 	 2191009 	 2191111 	 102
3R 	 2206456 	 2206568 	 112
3R 	 2222352 	 2222468 	 116
3R 	 2230799 	 2230908 	 109
3R 	 2241402 	 2241454 	 52
3R 	 2247656 	 2247730 	 74
3R 	 2251772 	 2251844 	 72
3R	2261551 	 2261757 	 206
3R 	 2268637 	 2268748 	 111
3R 	 2286329 	 2286449 	 120
3R 	 2307204 	 2307314 	 110
3R 	 2327093 	 2327176 	 83
3R 	 2340814 	 2340935 	 121
3R 	 2346139 	 2346226 	 87
3R 	 2377181 	 2377270 	 89
3R 	 2378233 	 2378349 	 116
3R 	 2384697 	 2384737 	 40
3R 	 2385702 	 2385811 	 109
3R 	 2409339 	 2409376 	 37
3R 	 2409471 	 2409541 	 70
3R 	 2439458 	 2439517 	 59
3R 	 2444496 	 2444617 	 121
3R 	 2445204 	 2445272 	 68
3R 	 2446528 	 2446616 	 88
3R 	 2446854 	 2446936 	 82
3R	2473362 	 2477787 	 4425
3R	2488683 	 2488783 	 100
3R	2492820 	 2494720 	 1900
3R	2498072 	 2499972 	 1900
3R	2515632 	 2516632 	 1000
3R 	 2520338 	 2520419 	 81
3R 	 2522691 	 2522786 	 95
3R 	 2527703 	 2527791 	 88
3R 	 2539430 	 2539484 	 54
3R 	 2541525 	 2541591 	 66
3R 	 2543775 	 2543862 	 87
3R 	 2564780 	 2564904 	 124
3R 	 2575630 	 2575741 	 111
3R	2576487 	 2582539 	 6052
3R 	 2595582 	 2595687 	 105
3R 	 2596170 	 2596277 	 107
3R 	 2633190 	 2633232 	 42
3R 	 2638758 	 2638880 	 122
3R	2693270 	 2693570 	 300
3R 	 2698459 	 2698499 	 40
3R 	 2711449 	 2711547 	 98
3R 	 2723649 	 2723710 	 61
3R 	 2727441 	 2727544 	 103
3R 	 2732315 	 2732422 	 107
3R 	 2742125 	 2742201 	 76
3R 	 2750209 	 2750332 	 123
3R	2768164 	 2769454 	 1290
3R	2771851 	 2775101 	 3250
3R	2775902 	 2776779 	 877
3R 	 2784160 	 2784274 	 114
3R 	 2798999 	 2799031 	 32
3R 	 2799385 	 2799479 	 94
3R 	 2802754 	 2802876 	 122
3R 	 2829792 	 2829858 	 66
3R 	 2848772 	 2848852 	 80
3R 	 2852819 	 2852885 	 66
3R 	 2874699 	 2874745 	 46
3R	2876817 	 2877823 	 1006
3R 	 2888177 	 2888233 	 56
3R 	 2914140 	 2914237 	 97
3R 	 2932973 	 2933100 	 127
3R 	 2936568 	 2936686 	 118
3R	2938928 	 2945530 	 6602
3R 	 2946355 	 2946444 	 89
3R 	 2958290 	 2958417 	 127
3R 	 2984103 	 2984230 	 127
3R	2985751 	 2985842 	 91
3R 	 3005513 	 3005636 	 123
3R 	 3008573 	 3008612 	 39
3R 	 3017330 	 3017387 	 57
3R 	 3032453 	 3032523 	 70
3R 	 3033675 	 3033732 	 57
3R 	 3039937 	 3040022 	 85
3R 	 3044369 	 3044458 	 89
3R 	 3048990 	 3049115 	 125
3R 	 3050827 	 3050878 	 51
3R 	 3051996 	 3052043 	 47
3R 	 3067059 	 3067125 	 66
3R 	 3093695 	 3093822 	 127
3R 	 3097256 	 3097286 	 30
3R 	 3117377 	 3117474 	 97
3R 	 3119233 	 3119331 	 98
3R 	 3122655 	 3122782 	 127
3R 	 3129847 	 3129946 	 99
3R 	 3135605 	 3135672 	 67
3R	3170110 	 3170304 	 194
3R 	 3199236 	 3199358 	 122
3R 	 3209805 	 3209932 	 127
3R 	 3211986 	 3212045 	 59
3R 	 3214320 	 3214366 	 46
3R 	 3214931 	 3214967 	 36
3R 	 3220184 	 3220311 	 127
3R 	 3226938 	 3227053 	 115
3R 	 3239775 	 3239805 	 30
3R 	 3256139 	 3256217 	 78
3R 	 3265247 	 3265355 	 108
3R 	 3274284 	 3274350 	 66
3R 	 3293151 	 3293207 	 56
3R	3298176 	 3298319 	 143
3R 	 3298681 	 3298752 	 71
3R 	 3315051 	 3315161 	 110
3R 	 3329818 	 3329903 	 85
3R 	 3343191 	 3343236 	 45
3R 	 3346508 	 3346635 	 127
3R 	 3362152 	 3362242 	 90
3R 	 3363000 	 3363067 	 67
3R 	 3370188 	 3370254 	 66
3R 	 3370577 	 3370609 	 32
3R 	 3374266 	 3374318 	 52
3R	3382084 	 3383440 	 1356
3R 	 3410996 	 3411079 	 83
3R 	 3414449 	 3414525 	 76
3R 	 3417017 	 3417059 	 42
3R 	 3424564 	 3424649 	 85
3R 	 3425365 	 3425458 	 93
3R 	 3436467 	 3436546 	 79
3R 	 3440640 	 3440697 	 57
3R 	 3465367 	 3465461 	 94
3R 	 3473233 	 3473277 	 44
3R 	 3493689 	 3493728 	 39
3R 	 3494636 	 3494705 	 69
3R 	 3498109 	 3498163 	 54
3R 	 3499818 	 3499930 	 112
3R 	 3532278 	 3532317 	 39
3R 	 3535004 	 3535080 	 76
3R 	 3538015 	 3538065 	 50
3R 	 3546549 	 3546623 	 74
3R 	 3557114 	 3557148 	 34
3R 	 3563386 	 3563473 	 87
3R 	 3573094 	 3573151 	 57
3R 	 3581200 	 3581316 	 116
3R	3603273 	 3603329 	 56
3R 	 3617171 	 3617288 	 117
3R	3622928 	 3632081 	 9153
3R 	 3633303 	 3633380 	 77
3R 	 3646205 	 3646272 	 67
3R 	 3651448 	 3651480 	 32
3R 	 3651504 	 3651540 	 36
3R 	 3656745 	 3656839 	 94
3R 	 3661421 	 3661511 	 90
3R 	 3669304 	 3669363 	 59
3R 	 3692372 	 3692493 	 121
3R 	 3696676 	 3696777 	 101
3R	3706815 	 3713361 	 6546
3R 	 3721154 	 3721198 	 44
3R 	 3725083 	 3725166 	 83
3R 	 3726250 	 3726366 	 116
3R	3755193 	 3755203 	 10
3R 	 3761314 	 3761433 	 119
3R 	 3768213 	 3768243 	 30
3R 	 3773578 	 3773691 	 113
3R 	 3800362 	 3800408 	 46
3R 	 3821764 	 3821881 	 117
3R 	 3822013 	 3822131 	 118
3R 	 3822144 	 3822253 	 109
3R 	 3835121 	 3835238 	 117
3R 	 3861858 	 3861893 	 35
3R 	 3894185 	 3894219 	 34
3R 	 3908588 	 3908710 	 122
3R 	 3912057 	 3912091 	 34
3R 	 3924427 	 3924502 	 75
3R 	 3935138 	 3935190 	 52
3R 	 3951353 	 3951461 	 108
3R 	 3952428 	 3952498 	 70
3R 	 3953736 	 3953792 	 56
3R 	 3975974 	 3976050 	 76
3R 	 4001355 	 4001390 	 35
3R 	 4011644 	 4011663 	 19
3R 	 4012138 	 4012178 	 40
3R 	 4022288 	 4022409 	 121
3R 	 4023971 	 4024026 	 55
3R 	 4033389 	 4033495 	 106
3R	4036278 	 4037449 	 1171
3R 	 4039999 	 4040113 	 114
3R	4054366 	 4054754 	 388
3R 	 4076004 	 4076108 	 104
3R 	 4089373 	 4089475 	 102
3R 	 4105694 	 4105811 	 117
3R 	 4117225 	 4117337 	 112
3R 	 4120137 	 4120224 	 87
3R 	 4123746 	 4123827 	 81
3R 	 4126437 	 4126532 	 95
3R 	 4136735 	 4136787 	 52
3R 	 4143084 	 4143180 	 96
3R 	 4149598 	 4149721 	 123
3R	4161794 	 4167251 	 5457
3R 	 4174278 	 4174307 	 29
3R	4176920 	 4177153 	 233
3R	4192740 	 4192834 	 94
3R	4193252 	 4196552 	 3300
3R 	 4204054 	 4204167 	 113
3R	4205513 	 4205975 	 462
3R 	 4210788 	 4210904 	 116
3R 	 4217772 	 4217875 	 103
3R 	 4261569 	 4261604 	 35
3R 	 4267731 	 4267837 	 106
3R	4298931 	 4305564 	 6633
3R	4310057 	 4310604 	 547
3R	4359430 	 4359894 	 464
3R 	 4367820 	 4367936 	 116
3R 	 4372267 	 4372389 	 122
3R	4385370 	 4392546 	 7176
3R	4399353 	 4399511 	 158
3R	4403931 	 4407619 	 3688
3R 	 4412136 	 4412172 	 36
3R 	 4412527 	 4412638 	 111
3R	4429359 	 4437963 	 8604
3R	4446514 	 4450190 	 3676
3R 	 4496282 	 4496398 	 116
3R	4527149 	 4527486 	 337
3R	4556070 	 4556172 	 102
3R 	 4570284 	 4570383 	 99
3R 	 4576811 	 4576920 	 109
3R	4601219 	 4605916 	 4697
3R 	 4610481 	 4610566 	 85
3R 	 4619576 	 4619678 	 102
3R	4637157 	 4638048 	 891
3R	4642081 	 4646412 	 4331
3R 	 4683356 	 4683416 	 60
3R	4686300 	 4687138 	 838
3R	4719968 	 4722710 	 2742
3R	4733845 	 4739687 	 5842
3R 	 4747318 	 4747436 	 118
3R 	 4753805 	 4753897 	 92
3R 	 4758141 	 4758244 	 103
3R	4783162 	 4783423 	 261
3R	4802272 	 4803831 	 1559
3R	4806980 	 4821500 	 14520
3R 	 4824730 	 4824854 	 124
3R	4829663 	 4838424 	 8761
3R	4844262 	 4844526 	 264
3R 	 4884983 	 4885104 	 121
3R 	 4894377 	 4894428 	 51
3R	4896009 	 4896271 	 262
3R 	 4897214 	 4897321 	 107
3R	4916075 	 4929823 	 13748
3R	4959714 	 4963694 	 3980
3R	4972282 	 4973249 	 967
3R	4980689 	 4980738 	 49
3R 	 4996101 	 4996211 	 110
3R 	 5002209 	 5002246 	 37
3R 	 5008268 	 5008301 	 33
3R 	 5012498 	 5012619 	 121
3R	5037589 	 5040925 	 3336
3R 	 5048658 	 5048774 	 116
3R 	 5051413 	 5051502 	 89
3R 	 5087572 	 5087695 	 123
3R 	 5098244 	 5098337 	 93
3R	5119048 	 5135897 	 16849
3R 	 5139064 	 5139177 	 113
3R 	 5165804 	 5165928 	 124
3R 	 5178026 	 5178127 	 101
3R	5234123 	 5240444 	 6321
3R	5266774 	 5294305 	 27531
3R	5300704 	 5311138 	 10434
3R 	 5312091 	 5312209 	 118
3R	5319138 	 5329992 	 10854
3R	5402446 	 5402907 	 461
3R	5405830 	 5409018 	 3188
3R 	 5428641 	 5428749 	 108
3R	5435072 	 5440135 	 5063
3R	5497867 	 5498304 	 437
3R	5498798 	 5499645 	 847
3R	5503235 	 5509081 	 5846
3R	5520579 	 5520784 	 205
3R	5570250 	 5570947 	 697
3R 	 5609473 	 5609571 	 98
3R 	 5614620 	 5614735 	 115
3R	5666063 	 5681674 	 15611
3R 	 5682109 	 5682210 	 101
3R 	 5699567 	 5699691 	 124
3R	5771938 	 5774286 	 2348
3R	5783991 	 5784368 	 377
3R	5802746 	 5820677 	 17931
3R	5821280 	 5833003 	 11723
3R	5848467 	 5849303 	 836
3R	5874515 	 5874565 	 50
3R	5890459 	 5901095 	 10636
3R	5903613 	 5904676 	 1063
3R	5936886 	 5940302 	 3416
3R	5956456 	 5961039 	 4583
3R	5961654 	 5967147 	 5493
3R 	 6001977 	 6002090 	 113
3R 	 6011252 	 6011373 	 121
3R 	 6012715 	 6012831 	 116
3R 	 6023441 	 6023562 	 121
3R	6031435 	 6038205 	 6770
3R	6039898 	 6040082 	 184
3R	6041298 	 6051598 	 10300
3R	6053189 	 6054144 	 955
3R 	 6077084 	 6077181 	 97
3R 	 6129460 	 6129568 	 108
3R	6144872 	 6145006 	 134
3R 	 6149747 	 6149852 	 105
3R	6183138 	 6183515 	 377
3R 	 6199404 	 6199502 	 98
3R 	 6224768 	 6224869 	 101
3R	6241190 	 6241656 	 466
3R	6244376 	 6244628 	 252
3R 	 6254069 	 6254168 	 99
3R 	 6265037 	 6265147 	 110
3R	6279138 	 6280897 	 1759
3R 	 6327733 	 6327833 	 100
3R 	 6333839 	 6333961 	 122
3R 	 6360820 	 6360923 	 103
3R	6368895 	 6375048 	 6153
3R 	 6385172 	 6385285 	 113
3R 	 6411224 	 6411343 	 119
3R 	 6418764 	 6418852 	 88
3R	6420837 	 6421239 	 402
3R	6431817 	 6432247 	 430
3R 	 6445966 	 6446090 	 124
3R	6472890 	 6476479 	 3589
3R	6483322 	 6483370 	 48
3R	6494901 	 6495260 	 359
3R	6496700 	 6504546 	 7846
3R 	 6505066 	 6505173 	 107
3R 	 6512467 	 6512541 	 74
3R 	 6514096 	 6514148 	 52
3R 	 6536342 	 6536459 	 117
3R 	 6570554 	 6570632 	 78
3R 	 6585892 	 6585940 	 48
3R	6597931 	 6603573 	 5642
3R	6636715 	 6636808 	 93
3R 	 6646041 	 6646156 	 115
3R	6657655 	 6661513 	 3858
3R 	 6682532 	 6682637 	 105
3R	6684349 	 6684652 	 303
3R 	 6691712 	 6691836 	 124
3R	6715649 	 6717107 	 1458
3R	6774688 	 6774837 	 149
3R	6776089 	 6776225 	 136
3R 	 6778301 	 6778400 	 99
3R	6784336 	 6784582 	 246
3R	6787910 	 6789384 	 1474
3R	6790437 	 6791208 	 771
3R	6807886 	 6809203 	 1317
3R 	 6845962 	 6846074 	 112
3R	6878864 	 6879000 	 136
3R 	 6882554 	 6882671 	 117
3R	6911691 	 6913046 	 1355
3R	6966068 	 6967674 	 1606
3R 	 6976562 	 6976685 	 123
3R	6988306 	 6998436 	 10130
3R	7023436 	 7023585 	 149
3R	7028723 	 7030591 	 1868
3R	7086476 	 7092687 	 6211
3R	7105132 	 7107594 	 2462
3R	7117172 	 7117780 	 608
3R 	 7117786 	 7117853 	 67
3R	7162706 	 7164783 	 2077
3R 	 7166320 	 7166391 	 71
3R 	 7199531 	 7199649 	 118
3R	7247107 	 7256279 	 9172
3R	7266993 	 7279960 	 12967
3R	7289172 	 7289229 	 57
3R	7298071 	 7298357 	 286
3R	7340203 	 7341620 	 1417
3R	7346584 	 7346827 	 243
3R	7364918 	 7374389 	 9471
3R	7380918 	 7394537 	 13619
3R	7400418 	 7402598 	 2180
3R 	 7415467 	 7415567 	 100
3R	7440624 	 7441162 	 538
3R	7494178 	 7500119 	 5941
3R 	 7512029 	 7512133 	 104
3R	7541972 	 7542052 	 80
3R	7544122 	 7544947 	 825
3R 	 7562726 	 7562759 	 33
3R 	 7572841 	 7572939 	 98
3R 	 7584288 	 7584410 	 122
3R 	 7604211 	 7604327 	 116
3R	7607203 	 7609878 	 2675
3R	7610838 	 7620782 	 9944
3R 	 7637259 	 7637383 	 124
3R	7667996 	 7673955 	 5959
3R 	 7681961 	 7682060 	 99
3R	7685900 	 7687834 	 1934
3R 	 7689075 	 7689107 	 32
3R 	 7695934 	 7696029 	 95
3R	7721933 	 7721992 	 59
3R 	 7727230 	 7727274 	 44
3R 	 7734745 	 7734846 	 101
3R 	 7735163 	 7735234 	 71
3R 	 7741470 	 7741594 	 124
3R 	 7743836 	 7743956 	 120
3R 	 7765070 	 7765173 	 103
3R 	 7809487 	 7809607 	 120
3R 	 7848877 	 7848975 	 98
3R 	 7853438 	 7853560 	 122
3R	7865220 	 7869313 	 4093
3R	7870083 	 7873638 	 3555
3R 	 7883548 	 7883651 	 103
3R 	 7939848 	 7939973 	 125
3R	7945069 	 7945124 	 55
3R	7948276 	 7956323 	 8047
3R	7960349 	 7963950 	 3601
3R	8001606 	 8004834 	 3228
3R	8005801 	 8007225 	 1424
3R	8017307 	 8024413 	 7106
3R	8027140 	 8027373 	 233
3R	8064366 	 8064427 	 61
3R 	 8100870 	 8100967 	 97
3R 	 8106675 	 8106772 	 97
3R	8117475 	 8119774 	 2299
3R	8175649 	 8176605 	 956
3R	8194117 	 8194181 	 64
3R 	 8274280 	 8274382 	 102
3R 	 8277877 	 8277999 	 122
3R 	 8284423 	 8284534 	 111
3R 	 8310265 	 8310387 	 122
3R	8313925 	 8322891 	 8966
3R	8325980 	 8326051 	 71
3R 	 8353198 	 8353297 	 99
3R	8355546 	 8361193 	 5647
3R	8362759 	 8385792 	 23033
3R 	 8424982 	 8425097 	 115
3R 	 8427135 	 8427256 	 121
3R	8433676 	 8454072 	 20396
3R	8456615 	 8460794 	 4179
3R	8470394 	 8472557 	 2163
3R 	 8477764 	 8477892 	 128
3R 	 8491008 	 8491127 	 119
3R 	 8553225 	 8553348 	 123
3R	8554373 	 8558602 	 4229
3R	8562017 	 8567536 	 5519
3R 	 8572709 	 8572832 	 123
3R 	 8597958 	 8598075 	 117
3R 	 8604818 	 8604901 	 83
3R 	 8607413 	 8607497 	 84
3R 	 8608875 	 8608991 	 116
3R 	 8616821 	 8616941 	 120
3R	8616995 	 8617048 	 53
3R	8617747 	 8635071 	 17324
3R	8636359 	 8636471 	 112
3R	8645992 	 8646317 	 325
3R 	 8655967 	 8656076 	 109
3R	8661793 	 8662064 	 271
3R	8703306 	 8704988 	 1682
3R 	 8709119 	 8709239 	 120
3R	8728186 	 8729468 	 1282
3R	8738809 	 8738873 	 64
3R	8786126 	 8791881 	 5755
3R 	 8813963 	 8814085 	 122
3R	8821794 	 8823042 	 1248
3R	8823997 	 8832466 	 8469
3R	8845398 	 8846068 	 670
3R	8852116 	 8853805 	 1689
3R	8855488 	 8862149 	 6661
3R 	 8871768 	 8871815 	 47
3R 	 8872384 	 8872474 	 90
3R 	 8890762 	 8890874 	 112
3R 	 8946626 	 8946748 	 122
3R 	 8962341 	 8962464 	 123
3R	8997232 	 9008164 	 10932
3R	9011166 	 9011656 	 490
3R	9018235 	 9018505 	 270
3R	9053783 	 9056036 	 2253
3R 	 9063615 	 9063728 	 113
3R	9095927 	 9115224 	 19297
3R	9115608 	 9116333 	 725
3R	9116570 	 9116759 	 189
3R	9127171 	 9130625 	 3454
3R 	 9154178 	 9154302 	 124
3R	9174391 	 9174794 	 403
3R	9194276 	 9194602 	 326
3R 	 9195202 	 9195324 	 122
3R	9265318 	 9267374 	 2056
3R 	 9281712 	 9281775 	 63
3R	9284946 	 9295004 	 10058
3R 	 9302194 	 9302308 	 114
3R 	 9306312 	 9306390 	 78
3R	9311916 	 9312972 	 1056
3R	9329233 	 9329288 	 55
3R 	 9345442 	 9345551 	 109
3R 	 9361293 	 9361400 	 107
3R	9364466 	 9372075 	 7609
3R	9384306 	 9405404 	 21098
3R	9440139 	 9450051 	 9912
3R	9451857 	 9452512 	 655
3R 	 9456670 	 9456768 	 98
3R	9457762 	 9460454 	 2692
3R 	 9471720 	 9471837 	 117
3R	9542294 	 9543364 	 1070
3R	9545581 	 9546158 	 577
3R 	 9614427 	 9614549 	 122
3R	9616764 	 9629161 	 12397
3R	9650326 	 9653523 	 3197
3R 	 9658380 	 9658493 	 113
3R 	 9660990 	 9661101 	 111
3R 	 9669941 	 9670062 	 121
3R	9679594 	 9680412 	 818
3R	9683171 	 9683222 	 51
3R 	 9686429 	 9686488 	 59
3R 	 9688151 	 9688235 	 84
3R 	 9693749 	 9693791 	 42
3R 	 9696054 	 9696121 	 67
3R 	 9811435 	 9811549 	 114
3R 	 9848237 	 9848361 	 124
3R	9864250 	 9873284 	 9034
3R	9885496 	 9895620 	 10124
3R	9904134 	 9904997 	 863
3R	9915132 	 9915741 	 609
3R 	 9941640 	 9941764 	 124
3R 	 9943319 	 9943418 	 99
3R 	 9981397 	 9981449 	 52
3R 	 9986275 	 9986350 	 75
3R	10020181 	 10027065 	 6884
3R	10029098 	 10030442 	 1344
3R	10033970 	 10034306 	 336
3R	10044010 	 10057920 	 13910
3R	10064682 	 10069373 	 4691
3R	10073696 	 10073747 	 51
3R	10084892 	 10089978 	 5086
3R	10093224 	 10102129 	 8905
3R	10174352 	 10177645 	 3293
3R	10189482 	 10189719 	 237
3R 	 10227089 	 10227129 	 40
3R 	 10227295 	 10227381 	 86
3R	10228295 	 10232446 	 4151
3R 	 10237833 	 10237941 	 108
3R	10245119 	 10251135 	 6016
3R 	 10256446 	 10256550 	 104
3R 	 10306233 	 10306341 	 108
3R	10332326 	 10337320 	 4994
3R 	 10339369 	 10339448 	 79
3R 	 10350035 	 10350135 	 100
3R	10351825 	 10360459 	 8634
3R	10362459 	 10363784 	 1325
3R	10371305 	 10372739 	 1434
3R	10374865 	 10378039 	 3174
3R 	 10380355 	 10380477 	 122
3R	10387216 	 10390820 	 3604
3R 	 10391541 	 10391639 	 98
3R 	 10412412 	 10412516 	 104
3R	10415303 	 10415611 	 308
3R	10428028 	 10429717 	 1689
3R	10469530 	 10469675 	 145
3R	10500250 	 10500945 	 695
3R	10502780 	 10503154 	 374
3R	10548021 	 10548126 	 105
3R 	 10565910 	 10566033 	 123
3R 	 10584906 	 10585011 	 105
3R	10585534 	 10586155 	 621
3R 	 10642167 	 10642283 	 116
3R 	 10646843 	 10646966 	 123
3R	10656334 	 10658562 	 2228
3R	10670505 	 10678065 	 7560
3R	10687370 	 10692446 	 5076
3R	10693089 	 10712779 	 19690
3R	10738283 	 10739238 	 955
3R	10742158 	 10754170 	 12012
3R	10782589 	 10793828 	 11239
3R	10794507 	 10795579 	 1072
3R 	 10803866 	 10803940 	 74
3R	10815308 	 10815355 	 47
3R	10816934 	 10817784 	 850
3R	10847328 	 10848479 	 1151
3R	10855984 	 10861831 	 5847
3R	10863878 	 10877789 	 13911
3R	10878342 	 10879698 	 1356
3R	10893419 	 10894934 	 1515
3R	10917470 	 10919988 	 2518
3R 	 10936156 	 10936255 	 99
3R	10949617 	 10958207 	 8590
3R 	 10959451 	 10959539 	 88
3R 	 10961800 	 10961835 	 35
3R 	 10968798 	 10968837 	 39
3R	11002137 	 11003765 	 1628
3R	11004382 	 11007099 	 2717
3R	11042766 	 11043639 	 873
3R 	 11094186 	 11094263 	 77
3R 	 11097034 	 11097083 	 49
3R	11100642 	 11106796 	 6154
3R 	 11108317 	 11108438 	 121
3R 	 11120047 	 11120167 	 120
3R	11135139 	 11135189 	 50
3R 	 11184789 	 11184890 	 101
3R 	 11196077 	 11196198 	 121
3R	11222958 	 11224342 	 1384
3R	11235799 	 11235987 	 188
3R 	 11237294 	 11237403 	 109
3R	11245003 	 11245187 	 184
3R	11247492 	 11247657 	 165
3R	11253578 	 11272647 	 19069
3R	11275377 	 11276345 	 968
3R	11281549 	 11281691 	 142
3R	11315502 	 11315847 	 345
3R	11327162 	 11330746 	 3584
3R	11411331 	 11412729 	 1398
3R	11413720 	 11429186 	 15466
3R	11433082 	 11442490 	 9408
3R	11465628 	 11466854 	 1226
3R	11467424 	 11469995 	 2571
3R	11484962 	 11505543 	 20581
3R 	 11544410 	 11544518 	 108
3R	11555982 	 11559547 	 3565
3R	11562088 	 11562271 	 183
3R	11564180 	 11578058 	 13878
3R	11585728 	 11586234 	 506
3R	11603226 	 11621881 	 18655
3R	11644274 	 11654480 	 10206
3R 	 11709526 	 11709648 	 122
3R 	 11737527 	 11737632 	 105
3R	11812533 	 11812720 	 187
3R 	 11844731 	 11844771 	 40
3R	11846509 	 11849160 	 2651
3R	11884881 	 11887385 	 2504
3R	11887648 	 11891239 	 3591
3R	11894026 	 11897737 	 3711
3R 	 11904138 	 11904261 	 123
3R 	 11934991 	 11935068 	 77
3R 	 11955392 	 11955442 	 50
3R	11962567 	 11964613 	 2046
3R 	 11989968 	 11990090 	 122
3R	12035355 	 12038015 	 2660
3R	12050894 	 12050957 	 63
3R 	 12062277 	 12062401 	 124
3R	12071631 	 12072076 	 445
3R 	 12073661 	 12073741 	 80
3R 	 12156501 	 12156607 	 106
3R	12163575 	 12166854 	 3279
3R	12184491 	 12184543 	 52
3R	12216339 	 12216425 	 86
3R	12218393 	 12254257 	 35864
3R	12260657 	 12277080 	 16423
3R 	 12278143 	 12278262 	 119
3R	12287288 	 12288289 	 1001
3R	12304382 	 12311205 	 6823
3R 	 12312318 	 12312437 	 119
3R 	 12361396 	 12361520 	 124
3R 	 12379944 	 12380052 	 108
3R	12399718 	 12399901 	 183
3R 	 12439022 	 12439137 	 115
3R 	 12485394 	 12485500 	 106
3R 	 12492177 	 12492268 	 91
3R 	 12503727 	 12503836 	 109
3R 	 12507010 	 12507117 	 107
3R 	 12519563 	 12519687 	 124
3R	12528269 	 12528635 	 366
3R	12535924 	 12541146 	 5222
3R	12571146 	 12574743 	 3597
3R	12587556 	 12588107 	 551
3R	12599507 	 12603601 	 4094
3R 	 12616041 	 12616156 	 115
3R	12622651 	 12622720 	 69
3R	12623720 	 12629487 	 5767
3R	12662902 	 12671083 	 8181
3R	12673765 	 12673840 	 75
3R 	 12674121 	 12674242 	 121
3R 	 12692271 	 12692390 	 119
3R 	 12697257 	 12697374 	 117
3R	12771634 	 12775666 	 4032
3R 	 12865648 	 12865749 	 101
3R	12871060 	 12871169 	 109
3R	12885828 	 12892205 	 6377
3R	12892836 	 12897237 	 4401
3R 	 12898204 	 12898309 	 105
3R 	 12922751 	 12922787 	 36
3R 	 12924572 	 12924623 	 51
3R 	 12938321 	 12938424 	 103
3R	12950409 	 12951484 	 1075
3R 	 12968752 	 12968875 	 123
3R 	 12995313 	 12995412 	 99
3R 	 13005068 	 13005186 	 118
3R	13016363 	 13016475 	 112
3R	13024543 	 13033821 	 9278
3R 	 13053680 	 13053803 	 123
3R	13059978 	 13065595 	 5617
3R	13067084 	 13070325 	 3241
3R 	 13078544 	 13078650 	 106
3R	13101384 	 13101543 	 159
3R	13129503 	 13130535 	 1032
3R 	 13169463 	 13169554 	 91
3R	13180209 	 13190094 	 9885
3R 	 13227558 	 13227671 	 113
3R	13232685 	 13233111 	 426
3R	13271995 	 13272085 	 90
3R 	 13314104 	 13314197 	 93
3R 	 13314993 	 13315043 	 50
3R 	 13321500 	 13321534 	 34
3R 	 13356304 	 13356406 	 102
3R	13403942 	 13405061 	 1119
3R	13406714 	 13424481 	 17767
3R	13441205 	 13446607 	 5402
3R 	 13457054 	 13457162 	 108
3R 	 13481588 	 13481690 	 102
3R	13488614 	 13493041 	 4427
3R	13499898 	 13517085 	 17187
3R	13539459 	 13540722 	 1263
3R	13550844 	 13554744 	 3900
3R	13557320 	 13561037 	 3717
3R	13608365 	 13609220 	 855
3R	13667934 	 13668107 	 173
3R	13685573 	 13687653 	 2080
3R	13689072 	 13689651 	 579
3R	13692524 	 13717035 	 24511
3R 	 13729239 	 13729360 	 121
3R 	 13761423 	 13761534 	 111
3R	13776635 	 13778526 	 1891
3R	13785674 	 13790410 	 4736
3R	13798309 	 13805978 	 7669
3R 	 13809903 	 13810026 	 123
3R	13825537 	 13825586 	 49
3R	13825872 	 13828962 	 3090
3R	13862786 	 13867914 	 5128
3R	13876689 	 13880155 	 3466
3R 	 13927449 	 13927556 	 107
3R	13936710 	 13936781 	 71
3R	13937281 	 13937428 	 147
3R 	 13950198 	 13950320 	 122
3R 	 13973761 	 13973884 	 123
3R	13975469 	 13978395 	 2926
3R 	 13981700 	 13981822 	 122
3R 	 14004470 	 14004584 	 114
3R 	 14028483 	 14028588 	 105
3R	14081182 	 14090473 	 9291
3R 	 14095531 	 14095654 	 123
3R	14107259 	 14114137 	 6878
3R	14117694 	 14121333 	 3639
3R	14174703 	 14177489 	 2786
3R 	 14179642 	 14179692 	 50
3R 	 14192225 	 14192345 	 120
3R 	 14201767 	 14201811 	 44
3R 	 14202887 	 14202995 	 108
3R	14214206 	 14223529 	 9323
3R 	 14249890 	 14249991 	 101
3R 	 14252223 	 14252339 	 116
3R	14269723 	 14269779 	 56
3R	14299982 	 14302055 	 2073
3R	14305931 	 14313953 	 8022
3R 	 14316976 	 14317083 	 107
3R	14336467 	 14338757 	 2290
3R	14348207 	 14348288 	 81
3R 	 14351509 	 14351631 	 122
3R	14368655 	 14368711 	 56
3R	14374124 	 14376352 	 2228
3R	14380085 	 14389991 	 9906
3R	14410977 	 14413220 	 2243
3R	14414435 	 14431900 	 17465
3R	14455052 	 14457610 	 2558
3R 	 14459460 	 14459561 	 101
3R 	 14520211 	 14520319 	 108
3R	14536660 	 14537956 	 1296
3R	14543310 	 14552275 	 8965
3R	14571125 	 14588069 	 16944
3R 	 14591820 	 14591940 	 120
3R	14604479 	 14616828 	 12349
3R	14630064 	 14642749 	 12685
3R	14652693 	 14653059 	 366
3R 	 14678693 	 14678814 	 121
3R 	 14690013 	 14690114 	 101
3R	14730371 	 14740131 	 9760
3R	14742124 	 14760247 	 18123
3R	14809383 	 14811840 	 2457
3R 	 14833568 	 14833689 	 121
3R	14855341 	 14855515 	 174
3R	14864468 	 14864884 	 416
3R 	 14906188 	 14906293 	 105
3R 	 14935953 	 14936053 	 100
3R	14938272 	 14940138 	 1866
3R 	 14946442 	 14946543 	 101
3R	14988273 	 14990423 	 2150
3R	14993219 	 14993771 	 552
3R 	 15032956 	 15033067 	 111
3R 	 15049259 	 15049303 	 44
3R 	 15060787 	 15060869 	 82
3R 	 15088506 	 15088605 	 99
3R 	 15101974 	 15102009 	 35
3R 	 15108170 	 15108274 	 104
3R 	 15151328 	 15151449 	 121
3R	15154264 	 15158335 	 4071
3R 	 15161539 	 15161631 	 92
3R 	 15195371 	 15195484 	 113
3R	15205089 	 15205373 	 284
3R	15206769 	 15209598 	 2829
3R	15213556 	 15226135 	 12579
3R 	 15242908 	 15242988 	 80
3R	15242988 	 15243044 	 56
3R 	 15244198 	 15244309 	 111
3R	15244986 	 15245123 	 137
3R	15268038 	 15268141 	 103
3R	15272812 	 15276921 	 4109
3R	15279098 	 15280756 	 1658
3R	15282707 	 15284359 	 1652
3R	15301921 	 15304746 	 2825
3R 	 15308225 	 15308324 	 99
3R 	 15311604 	 15311718 	 114
3R 	 15324704 	 15324807 	 103
3R	15328831 	 15329260 	 429
3R	15340228 	 15341368 	 1140
3R 	 15357791 	 15357893 	 102
3R 	 15360031 	 15360145 	 114
3R	15368375 	 15383903 	 15528
3R	15390989 	 15393468 	 2479
3R 	 15450682 	 15450794 	 112
3R	15452756 	 15453868 	 1112
3R	15480924 	 15481762 	 838
3R 	 15498593 	 15498710 	 117
3R 	 15501105 	 15501209 	 104
3R 	 15509740 	 15509840 	 100
3R 	 15524001 	 15524122 	 121
3R 	 15563876 	 15563957 	 81
3R 	 15577184 	 15577229 	 45
3R	15582254 	 15585236 	 2982
3R 	 15602036 	 15602147 	 111
3R 	 15602279 	 15602398 	 119
3R 	 15622873 	 15622921 	 48
3R 	 15641095 	 15641202 	 107
3R 	 15644778 	 15644900 	 122
3R	15658205 	 15660350 	 2145
3R	15665475 	 15675716 	 10241
3R	15686651 	 15686708 	 57
3R 	 15694342 	 15694457 	 115
3R	15742540 	 15745427 	 2887
3R	15782679 	 15831675 	 48996
3R	15867672 	 15867723 	 51
3R	15877184 	 15877332 	 148
3R	15878044 	 15878140 	 96
3R 	 15903484 	 15903580 	 96
3R 	 15910178 	 15910209 	 31
3R 	 15918314 	 15918436 	 122
3R 	 15932464 	 15932563 	 99
3R 	 15933977 	 15934048 	 71
3R 	 15934099 	 15934154 	 55
3R	15948797 	 15951129 	 2332
3R 	 15967140 	 15967257 	 117
3R	15974512 	 15989981 	 15469
3R	16030453 	 16033935 	 3482
3R	16054135 	 16058048 	 3913
3R	16080549 	 16090133 	 9584
3R	16092072 	 16092360 	 288
3R	16097289 	 16097703 	 414
3R 	 16116690 	 16116810 	 120
3R	16123216 	 16123382 	 166
3R	16124028 	 16124217 	 189
3R	16171456 	 16186567 	 15111
3R	16201415 	 16205945 	 4530
3R	16223100 	 16232660 	 9560
3R	16272054 	 16277526 	 5472
3R	16279961 	 16280973 	 1012
3R	16286913 	 16286991 	 78
3R	16303022 	 16317330 	 14308
3R 	 16319078 	 16319195 	 117
3R	16329030 	 16336554 	 7524
3R 	 16361229 	 16361328 	 99
3R	16368258 	 16370160 	 1902
3R 	 16427374 	 16427495 	 121
3R	16441449 	 16441502 	 53
3R	16445943 	 16445990 	 47
3R	16464933 	 16468150 	 3217
3R	16498722 	 16498917 	 195
3R 	 16499724 	 16499848 	 124
3R	16518176 	 16532378 	 14202
3R	16532985 	 16534571 	 1586
3R	16555843 	 16562546 	 6703
3R	16614356 	 16629628 	 15272
3R	16630842 	 16631264 	 422
3R 	 16683441 	 16683541 	 100
3R 	 16716719 	 16716840 	 121
3R 	 16755647 	 16755765 	 118
3R	16786170 	 16786401 	 231
3R	16796151 	 16798494 	 2343
3R	16811019 	 16815481 	 4462
3R 	 16822295 	 16822416 	 121
3R 	 16829909 	 16830024 	 115
3R 	 16852538 	 16852638 	 100
3R	16893400 	 16893563 	 163
3R 	 16904285 	 16904406 	 121
3R	16905288 	 16906354 	 1066
3R	16911979 	 16914057 	 2078
3R	16951735 	 16954116 	 2381
3R	16963833 	 16964179 	 346
3R 	 16966733 	 16966854 	 121
3R 	 16971904 	 16972027 	 123
3R 	 16995323 	 16995447 	 124
3R	16997086 	 17008300 	 11214
3R	17059112 	 17066633 	 7521
3R	17067571 	 17070666 	 3095
3R	17085724 	 17087215 	 1491
3R	17121941 	 17129933 	 7992
3R 	 17146526 	 17146643 	 117
3R 	 17177979 	 17178079 	 100
3R 	 17183367 	 17183489 	 122
3R	17241784 	 17243660 	 1876
3R	17244311 	 17244426 	 115
3R 	 17259830 	 17259946 	 116
3R 	 17265670 	 17265744 	 74
3R 	 17265833 	 17265886 	 53
3R	17277942 	 17278134 	 192
3R	17289345 	 17295184 	 5839
3R 	 17304701 	 17304812 	 111
3R	17331741 	 17332040 	 299
3R	17335887 	 17345315 	 9428
3R 	 17358730 	 17358827 	 97
3R	17387752 	 17389487 	 1735
3R	17392476 	 17398239 	 5763
3R	17425991 	 17435770 	 9779
3R	17446900 	 17471368 	 24468
3R 	 17511614 	 17511679 	 65
3R 	 17518688 	 17518756 	 68
3R	17522169 	 17522804 	 635
3R	17543373 	 17547117 	 3744
3R	17555789 	 17563402 	 7613
3R	17599125 	 17600700 	 1575
3R 	 17704519 	 17704641 	 122
3R	17711449 	 17711937 	 488
3R 	 17729039 	 17729163 	 124
3R 	 17762528 	 17762641 	 113
3R	17802779 	 17818287 	 15508
3R	17884403 	 17884643 	 240
3R 	 17885542 	 17885660 	 118
3R 	 17889999 	 17890123 	 124
3R	17920186 	 17920269 	 83
3R 	 17930845 	 17930945 	 100
3R	17943245 	 17946053 	 2808
3R	17965936 	 17965995 	 59
3R 	 17972760 	 17972870 	 110
3R 	 17977450 	 17977562 	 112
3R 	 17986774 	 17986895 	 121
3R	18025918 	 18031851 	 5933
3R 	 18036933 	 18037001 	 68
3R 	 18048396 	 18048451 	 55
3R	18054273 	 18054863 	 590
3R 	 18060640 	 18060752 	 112
3R 	 18062135 	 18062234 	 99
3R	18065453 	 18066992 	 1539
3R 	 18071155 	 18071276 	 121
3R	18086337 	 18088714 	 2377
3R	18094529 	 18096548 	 2019
3R	18099460 	 18099770 	 310
3R 	 18099770 	 18099877 	 107
3R	18100550 	 18101027 	 477
3R	18101446 	 18101864 	 418
3R 	 18109453 	 18109574 	 121
3R	18132457 	 18137548 	 5091
3R	18144013 	 18144798 	 785
3R 	 18149159 	 18149283 	 124
3R	18178178 	 18180857 	 2679
3R	18184223 	 18189126 	 4903
3R 	 18190894 	 18190994 	 100
3R	18200441 	 18206983 	 6542
3R 	 18212813 	 18212920 	 107
3R 	 18218306 	 18218405 	 99
3R	18243536 	 18243922 	 386
3R	18266554 	 18274981 	 8427
3R	18276606 	 18277511 	 905
3R	18286368 	 18290694 	 4326
3R	18293002 	 18293078 	 76
3R	18306642 	 18306860 	 218
3R	18323539 	 18331789 	 8250
3R	18343719 	 18344658 	 939
3R	18344923 	 18352333 	 7410
3R 	 18396994 	 18397105 	 111
3R	18411948 	 18411998 	 50
3R	18436442 	 18438617 	 2175
3R	18461604 	 18470976 	 9372
3R	18489716 	 18499330 	 9614
3R 	 18503744 	 18503852 	 108
3R 	 18517516 	 18517621 	 105
3R	18556080 	 18557391 	 1311
3R	18562149 	 18562218 	 69
3R 	 18581797 	 18581906 	 109
3R 	 18605481 	 18605603 	 122
3R 	 18609140 	 18609161 	 21
3R	18620395 	 18622343 	 1948
3R	18624602 	 18625394 	 792
3R	18632350 	 18632421 	 71
3R	18662757 	 18668147 	 5390
3R	18680369 	 18680485 	 116
3R 	 18683353 	 18683465 	 112
3R	18703749 	 18709277 	 5528
3R	18715095 	 18715358 	 263
3R	18721215 	 18735845 	 14630
3R	18741869 	 18745675 	 3806
3R	18750611 	 18750827 	 216
3R 	 18756997 	 18757102 	 105
3R	18760243 	 18760293 	 50
3R	18860197 	 18867389 	 7192
3R 	 18887485 	 18887582 	 97
3R	18890117 	 18914589 	 24472
3R 	 18922161 	 18922265 	 104
3R 	 18961490 	 18961593 	 103
3R 	 19019674 	 19019776 	 102
3R 	 19025173 	 19025279 	 106
3R	19041588 	 19043475 	 1887
3R 	 19052111 	 19052213 	 102
3R	19056947 	 19082219 	 25272
3R 	 19091058 	 19091171 	 113
3R	19100835 	 19100886 	 51
3R 	 19106410 	 19106532 	 122
3R	19140849 	 19152719 	 11870
3R	19239632 	 19241913 	 2281
3R	19302739 	 19311064 	 8325
3R	19311350 	 19312130 	 780
3R	19315336 	 19318526 	 3190
3R	19335500 	 19336029 	 529
3R	19345723 	 19347198 	 1475
3R	19351494 	 19360568 	 9074
3R	19366590 	 19383686 	 17096
3R 	 19419725 	 19419833 	 108
3R 	 19448935 	 19448965 	 30
3R	19454374 	 19454554 	 180
3R	19465562 	 19487492 	 21930
3R 	 19516374 	 19516493 	 119
3R	19535204 	 19538488 	 3284
3R 	 19563450 	 19563571 	 121
3R	19596652 	 19606536 	 9884
3R	19614351 	 19627123 	 12772
3R	19630370 	 19632312 	 1942
3R	19634922 	 19659066 	 24144
3R	19669388 	 19670597 	 1209
3R	19673876 	 19674296 	 420
3R 	 19702096 	 19702151 	 55
3R 	 19704762 	 19704833 	 71
3R 	 19709652 	 19709689 	 37
3R	19716556 	 19719749 	 3193
3R	19721092 	 19736953 	 15861
3R 	 19746097 	 19746169 	 72
3R	19792578 	 19798812 	 6234
3R	19820022 	 19838708 	 18686
3R	19849524 	 19849639 	 115
3R	19852169 	 19852234 	 65
3R 	 19858247 	 19858364 	 117
3R	19865910 	 19875057 	 9147
3R	19875573 	 19879282 	 3709
3R 	 19884662 	 19884785 	 123
3R	19887049 	 19902423 	 15374
3R	19902808 	 19909533 	 6725
3R 	 19921541 	 19921638 	 97
3R	19995039 	 19996733 	 1694
3R	20044751 	 20045758 	 1007
3R	20054609 	 20068783 	 14174
3R	20072754 	 20072815 	 61
3R	20074711 	 20080747 	 6036
3R	20096085 	 20108130 	 12045
3R 	 20110759 	 20110813 	 54
3R 	 20143543 	 20143599 	 56
3R 	 20155229 	 20155299 	 70
3R 	 20159773 	 20159897 	 124
3R 	 20174726 	 20174834 	 108
3R	20192365 	 20194958 	 2593
3R 	 20207274 	 20207384 	 110
3R 	 20236575 	 20236680 	 105
3R	20243496 	 20243519 	 23
3R	20264937 	 20265232 	 295
3R	20292348 	 20308989 	 16641
3R	20321121 	 20321320 	 199
3R	20343346 	 20356950 	 13604
3R 	 20368129 	 20368229 	 100
3R	20379668 	 20387123 	 7455
3R	20387294 	 20391920 	 4626
3R	20408566 	 20413994 	 5428
3R 	 20438606 	 20438728 	 122
3R	20440954 	 20442098 	 1144
3R 	 20463583 	 20463694 	 111
3R	20500077 	 20502643 	 2566
3R 	 20513865 	 20513925 	 60
3R	20536800 	 20541790 	 4990
3R	20557028 	 20563065 	 6037
3R	20564262 	 20568553 	 4291
3R	20573134 	 20581243 	 8109
3R	20589355 	 20597919 	 8564
3R	20600839 	 20605470 	 4631
3R	20647473 	 20647528 	 55
3R	20652347 	 20652940 	 593
3R	20657665 	 20662627 	 4962
3R	20685651 	 20685708 	 57
3R	20714067 	 20718513 	 4446
3R 	 20726034 	 20726143 	 109
3R	20732279 	 20732605 	 326
3R	20744176 	 20744297 	 121
3R	20762271 	 20789096 	 26825
3R	20790336 	 20796572 	 6236
3R	20831253 	 20831322 	 69
3R 	 20871810 	 20871918 	 108
3R	20887362 	 20892335 	 4973
3R 	 20901130 	 20901242 	 112
3R	20918443 	 20924531 	 6088
3R 	 20940219 	 20940342 	 123
3R	20976759 	 20996415 	 19656
3R 	 21015189 	 21015287 	 98
3R	21020802 	 21021506 	 704
3R 	 21033004 	 21033109 	 105
3R	21040397 	 21040496 	 99
3R 	 21042592 	 21042692 	 100
3R	21046176 	 21055406 	 9230
3R	21059257 	 21064229 	 4972
3R 	 21097054 	 21097157 	 103
3R 	 21144630 	 21144665 	 35
3R	21166256 	 21166321 	 65
3R	21198817 	 21199088 	 271
3R	21215866 	 21215970 	 104
3R	21240960 	 21241027 	 67
3R 	 21249709 	 21249829 	 120
3R	21253555 	 21261847 	 8292
3R 	 21279331 	 21279440 	 109
3R 	 21286757 	 21286867 	 110
3R 	 21297125 	 21297244 	 119
3R 	 21299386 	 21299473 	 87
3R 	 21300248 	 21300288 	 40
3R	21318442 	 21318500 	 58
3R 	 21334796 	 21334906 	 110
3R 	 21362622 	 21362729 	 107
3R 	 21386458 	 21386558 	 100
3R 	 21399529 	 21399627 	 98
3R	21423477 	 21426048 	 2571
3R	21454591 	 21459669 	 5078
3R	21464611 	 21464711 	 100
3R 	 21489064 	 21489177 	 113
3R	21501485 	 21502136 	 651
3R	21514213 	 21514332 	 119
3R	21519306 	 21530001 	 10695
3R	21569140 	 21569312 	 172
3R	21573703 	 21581886 	 8183
3R 	 21585027 	 21585135 	 108
3R 	 21591140 	 21591260 	 120
3R	21620035 	 21624007 	 3972
3R 	 21631937 	 21632041 	 104
3R	21638755 	 21639271 	 516
3R 	 21645437 	 21645553 	 116
3R	21677701 	 21678747 	 1046
3R	21679993 	 21681427 	 1434
3R 	 21705684 	 21705799 	 115
3R	21724191 	 21724450 	 259
3R 	 21725191 	 21725313 	 122
3R 	 21770644 	 21770751 	 107
3R 	 21772884 	 21772991 	 107
3R	21787835 	 21792442 	 4607
3R	21800702 	 21801679 	 977
3R	21802999 	 21807068 	 4069
3R	21823820 	 21831842 	 8022
3R	21840042 	 21842346 	 2304
3R	21890325 	 21900254 	 9929
3R	21904053 	 21904557 	 504
3R 	 21920136 	 21920235 	 99
3R 	 21929341 	 21929447 	 106
3R	21937412 	 21944305 	 6893
3R	21944596 	 21946744 	 2148
3R	21983643 	 21983958 	 315
3R 	 21986553 	 21986675 	 122
3R	21991045 	 21991093 	 48
3R 	 21999985 	 22000096 	 111
3R	22009634 	 22017943 	 8309
3R	22022464 	 22025110 	 2646
3R	22039566 	 22039633 	 67
3R 	 22043599 	 22043704 	 105
3R	22058378 	 22075119 	 16741
3R	22082941 	 22091683 	 8742
3R 	 22103012 	 22103126 	 114
3R 	 22114516 	 22114613 	 97
3R	22139547 	 22152030 	 12483
3R	22177539 	 22177621 	 82
3R 	 22190552 	 22190674 	 122
3R 	 22204898 	 22205020 	 122
3R	22219982 	 22229214 	 9232
3R	22236048 	 22236106 	 58
3R 	 22247745 	 22247846 	 101
3R	22255868 	 22258035 	 2167
3R 	 22271353 	 22271474 	 121
3R	22276207 	 22293810 	 17603
3R 	 22315284 	 22315326 	 42
3R 	 22328952 	 22329010 	 58
3R	22334428 	 22335129 	 701
3R	22344143 	 22351980 	 7837
3R	22384026 	 22385393 	 1367
3R	22389099 	 22392633 	 3534
3R	22397080 	 22409411 	 12331
3R	22432890 	 22433015 	 125
3R	22458662 	 22458711 	 49
3R	22473539 	 22473587 	 48
3R	22474810 	 22504782 	 29972
3R 	 22513781 	 22513905 	 124
3R	22534715 	 22545508 	 10793
3R	22547109 	 22547655 	 546
3R 	 22551209 	 22551310 	 101
3R	22592857 	 22592958 	 101
3R	22608845 	 22608947 	 102
3R 	 22618991 	 22619095 	 104
3R	22627706 	 22628017 	 311
3R	22633812 	 22657697 	 23885
3R	22681505 	 22684543 	 3038
3R	22707755 	 22707845 	 90
3R	22743772 	 22744163 	 391
3R	22787078 	 22789734 	 2656
3R	22803186 	 22807140 	 3954
3R	22850829 	 22850882 	 53
3R 	 22875840 	 22875961 	 121
3R 	 22881931 	 22882008 	 77
3R 	 22886432 	 22886482 	 50
3R 	 22915481 	 22915584 	 103
3R 	 22939696 	 22939819 	 123
3R	22940848 	 22945156 	 4308
3R	22947219 	 22948775 	 1556
3R	22956252 	 22956550 	 298
3R	22966643 	 22969891 	 3248
3R 	 22983651 	 22983758 	 107
3R 	 22998558 	 22998678 	 120
3R 	 23021427 	 23021532 	 105
3R 	 23025997 	 23026114 	 117
3R	23031593 	 23032203 	 610
3R	23034982 	 23035449 	 467
3R	23049875 	 23050572 	 697
3R 	 23054012 	 23054058 	 46
3R 	 23057219 	 23057292 	 73
3R	23061566 	 23063787 	 2221
3R	23068797 	 23071753 	 2956
3R	23076326 	 23087193 	 10867
3R 	 23098454 	 23098560 	 106
3R 	 23121425 	 23121545 	 120
3R	23145487 	 23146365 	 878
3R 	 23147069 	 23147191 	 122
3R 	 23159913 	 23160037 	 124
3R 	 23185069 	 23185190 	 121
3R 	 23220320 	 23220424 	 104
3R 	 23250533 	 23250654 	 121
3R 	 23256712 	 23256822 	 110
3R	23264004 	 23266264 	 2260
3R	23271726 	 23272908 	 1182
3R	23302777 	 23303208 	 431
3R	23304862 	 23308155 	 3293
3R	23313506 	 23315643 	 2137
3R	23329793 	 23331900 	 2107
3R	23335296 	 23340966 	 5670
3R	23345964 	 23346021 	 57
3R 	 23348815 	 23348927 	 112
3R	23378553 	 23403387 	 24834
3R	23408721 	 23410044 	 1323
3R	23420608 	 23425973 	 5365
3R	23440804 	 23441587 	 783
3R	23449151 	 23449907 	 756
3R 	 23465285 	 23465409 	 124
3R	23477542 	 23477852 	 310
3R 	 23479286 	 23479409 	 123
3R 	 23521484 	 23521592 	 108
3R 	 23550539 	 23550643 	 104
3R	23551092 	 23551461 	 369
3R	23556883 	 23557501 	 618
3R	23564062 	 23569382 	 5320
3R	23616389 	 23617007 	 618
3R	23647798 	 23648521 	 723
3R	23678889 	 23680443 	 1554
3R	23719385 	 23719593 	 208
3R	23785721 	 23786073 	 352
3R 	 23794797 	 23794855 	 58
3R 	 23804592 	 23804626 	 34
3R 	 23805040 	 23805164 	 124
3R	23826493 	 23826812 	 319
3R 	 23837383 	 23837423 	 40
3R 	 23843772 	 23843854 	 82
3R 	 23878030 	 23878151 	 121
3R 	 23881787 	 23881911 	 124
3R	23892252 	 23899720 	 7468
3R	23910103 	 23911880 	 1777
3R	23912986 	 23914469 	 1483
3R	23926898 	 23934588 	 7690
3R	23987486 	 24005057 	 17571
3R	24008219 	 24014369 	 6150
3R 	 24020748 	 24020866 	 118
3R	24033795 	 24033846 	 51
3R	24038055 	 24038199 	 144
3R 	 24040962 	 24041085 	 123
3R 	 24052508 	 24052628 	 120
3R 	 24083526 	 24083647 	 121
3R 	 24089306 	 24089412 	 106
3R 	 24093967 	 24094003 	 36
3R 	 24107671 	 24107762 	 91
3R 	 24113831 	 24113861 	 30
3R 	 24113910 	 24114008 	 98
3R	24124637 	 24125006 	 369
3R	24160695 	 24161704 	 1009
3R 	 24185951 	 24186057 	 106
3R	24202224 	 24202614 	 390
3R 	 24210238 	 24210281 	 43
3R 	 24219092 	 24219195 	 103
3R	24231885 	 24234016 	 2131
3R 	 24263371 	 24263494 	 123
3R 	 24276490 	 24276608 	 118
3R	24318090 	 24318769 	 679
3R	24333369 	 24334435 	 1066
3R	24353835 	 24354671 	 836
3R	24390576 	 24403580 	 13004
3R	24409435 	 24413516 	 4081
3R	24483655 	 24487804 	 4149
3R	24505981 	 24506776 	 795
3R	24509067 	 24528183 	 19116
3R	24567095 	 24567516 	 421
3R	24571674 	 24576017 	 4343
3R	24584398 	 24593897 	 9499
3R	24596623 	 24597364 	 741
3R	24609620 	 24610519 	 899
3R	24691152 	 24693415 	 2263
3R	24708353 	 24711119 	 2766
3R 	 24716294 	 24716394 	 100
3R	24761704 	 24762374 	 670
3R	24777679 	 24792466 	 14787
3R 	 24795452 	 24795554 	 102
3R	24806495 	 24806611 	 116
3R 	 24833848 	 24833912 	 64
3R 	 24834084 	 24834148 	 64
3R	24843850 	 24850295 	 6445
3R 	 24856927 	 24857033 	 106
3R	24915504 	 24916472 	 968
3R 	 24932218 	 24932249 	 31
3R	24932994 	 24935974 	 2980
3R	25020523 	 25020575 	 52
3R	25031980 	 25032967 	 987
3R	25096426 	 25097441 	 1015
3R	25147566 	 25147798 	 232
3R	25176387 	 25195523 	 19136
3R	25197339 	 25210045 	 12706
3R 	 25225870 	 25225985 	 115
3R	25242818 	 25243868 	 1050
3R	25264928 	 25270319 	 5391
3R	25279626 	 25291738 	 12112
3R	25338476 	 25339142 	 666
3R	25390218 	 25396407 	 6189
3R 	 25439480 	 25439584 	 104
3R	25442262 	 25445761 	 3499
3R	25449770 	 25450140 	 370
3R	25468745 	 25476676 	 7931
3R	25487753 	 25490841 	 3088
3R	25528804 	 25542031 	 13227
3R	25550363 	 25561131 	 10768
3R	25568058 	 25574139 	 6081
3R	25574652 	 25575054 	 402
3R	25584737 	 25611799 	 27062
3R	25613965 	 25617584 	 3619
3R	25631451 	 25640721 	 9270
3R 	 25658723 	 25658823 	 100
3R	25691562 	 25723860 	 32298
3R 	 25731004 	 25731045 	 41
3R 	 25732634 	 25732721 	 87
3R	25768630 	 25768681 	 51
3R	25828537 	 25829327 	 790
3R 	 25832753 	 25832867 	 114
3R	25870970 	 25872753 	 1783
3R	25877477 	 25882666 	 5189
3R	25916152 	 25927810 	 11658
3R	25932705 	 25932778 	 73
3R	25979361 	 25979698 	 337
3R	25996909 	 26009418 	 12509
3R 	 26013890 	 26013992 	 102
3R 	 26016373 	 26016478 	 105
3R	26048218 	 26057270 	 9052
3R 	 26075850 	 26075938 	 88
3R 	 26077527 	 26077565 	 38
3R	26088194 	 26091325 	 3131
3R	26102245 	 26102744 	 499
3R	26105886 	 26105939 	 53
3R 	 26116628 	 26116658 	 30
3R	26144870 	 26146459 	 1589
3R	26152463 	 26152592 	 129
3R	26209023 	 26209076 	 53
3R 	 26218926 	 26219016 	 90
3R 	 26247105 	 26247225 	 120
3R 	 26251951 	 26252056 	 105
3R	26266103 	 26266204 	 101
3R	26271007 	 26272055 	 1048
3R 	 26296587 	 26296696 	 109
3R	26309265 	 26309353 	 88
3R	26336986 	 26338356 	 1370
3R	26360012 	 26370688 	 10676
3R 	 26374403 	 26374478 	 75
3R	26402070 	 26402789 	 719
3R 	 26411641 	 26411761 	 120
3R	26451601 	 26453326 	 1725
3R	26456154 	 26456691 	 537
3R 	 26497785 	 26497907 	 122
3R 	 26516874 	 26516921 	 47
3R 	 26517925 	 26518022 	 97
3R	26524015 	 26524241 	 226
3R 	 26542888 	 26542989 	 101
3R	26550209 	 26550672 	 463
3R 	 26550812 	 26550933 	 121
3R	26567556 	 26577864 	 10308
3R	26626332 	 26629492 	 3160
3R 	 26634514 	 26634635 	 121
3R	26638266 	 26654024 	 15758
3R	26656054 	 26657251 	 1197
3R 	 26668292 	 26668413 	 121
3R	26671332 	 26671448 	 116
3R	26675575 	 26677455 	 1880
3R	26684617 	 26686394 	 1777
3R	26723202 	 26732829 	 9627
3R	26734432 	 26736921 	 2489
3R	26746276 	 26746456 	 180
3R	26766403 	 26767297 	 894
3R	26809271 	 26809597 	 326
3R 	 26824244 	 26824343 	 99
3R 	 26843483 	 26843604 	 121
3R 	 26870360 	 26870469 	 109
3R	26888578 	 26889481 	 903
3R	26912353 	 26915180 	 2827
3R 	 26926358 	 26926464 	 106
3R	27026581 	 27027975 	 1394
3R	27038654 	 27042888 	 4234
3R	27046224 	 27066736 	 20512
3R 	 27069901 	 27070007 	 106
3R	27093762 	 27094717 	 955
3R 	 27096712 	 27096831 	 119
3R	27106276 	 27110737 	 4461
3R	27116401 	 27116454 	 53
3R 	 27142937 	 27143024 	 87
3R 	 27146548 	 27146664 	 116
3R 	 27172155 	 27172258 	 103
3R	27172563 	 27198725 	 26162
3R	27199408 	 27201829 	 2421
3R 	 27262313 	 27262412 	 99
3R	27296254 	 27306543 	 10289
3R 	 27308048 	 27308138 	 90
3R 	 27309017 	 27309053 	 36
3R 	 27343595 	 27343660 	 65
3R 	 27344957 	 27345069 	 112
3R 	 27349652 	 27349731 	 79
3R	27353289 	 27374055 	 20766
3R 	 27394680 	 27394791 	 111
3R	27398520 	 27398816 	 296
3R	27421675 	 27428342 	 6667
3R	27447828 	 27452188 	 4360
3R	27477928 	 27487242 	 9314
3R	27493495 	 27493897 	 402
3R	27494740 	 27496571 	 1831
3R	27513171 	 27513297 	 126
3R 	 27530895 	 27530970 	 75
3R 	 27555375 	 27555495 	 120
3R 	 27570402 	 27570519 	 117
3R 	 27587883 	 27587978 	 95
3R 	 27588028 	 27588151 	 123
3R	27590721 	 27591561 	 840
3R 	 27598982 	 27599052 	 70
3R	27624121 	 27626688 	 2567
3R	27669335 	 27669386 	 51
3R 	 27689715 	 27689839 	 124
3R	27701192 	 27701257 	 65
3R	27714417 	 27714492 	 75
3R 	 27718714 	 27718837 	 123
3R 	 27725475 	 27725521 	 46
3R 	 27750559 	 27750631 	 72
3R	27750810 	 27750872 	 62
3R	27759957 	 27761027 	 1070
3R 	 27763433 	 27763556 	 123
3R 	 27776821 	 27776922 	 101
3R	27801644 	 27802952 	 1308
3R	27808582 	 27812895 	 4313
3R 	 27830647 	 27830747 	 100
3R	27854507 	 27854745 	 238
3R 	 27863519 	 27863549 	 30
3R 	 27872596 	 27872712 	 116
3R 	 27877616 	 27877739 	 123
3R 	 27881712 	 27881774 	 62
3R 	 27882360 	 27882480 	 120
3R 	 27882679 	 27882759 	 80
3R 	 27930660 	 27930787 	 127
3R 	 27938537 	 27938664 	 127
3R 	 27952106 	 27952160 	 54
3R 	 27953054 	 27953128 	 74
3R	27986938 	 27991664 	 4726
3R	27992390 	 27992748 	 358
3R	28001615 	 28001675 	 60
3R 	 28013713 	 28013840 	 127
3R 	 28020535 	 28020662 	 127
3R	28020806 	 28021367 	 561
3R 	 28024696 	 28024794 	 98
3R	28028289 	 28030480 	 2191
3R	28078423 	 28082404 	 3981
3R	28092875 	 28103082 	 10207
3R	28103285 	 28105279 	 1994
3R 	 28114886 	 28115006 	 120
3R	28143004 	 28148167 	 5163
3R	28150439 	 28151533 	 1094
3R 	 28175357 	 28175412 	 55
3R 	 28179511 	 28179544 	 33
3R 	 28180524 	 28180617 	 93
3R 	 28184556 	 28184591 	 35
3R 	 28190077 	 28190204 	 127
3R 	 28215327 	 28215454 	 127
3R 	 28221505 	 28221609 	 104
3R 	 28267572 	 28267699 	 127
3R	28295343 	 28295968 	 625
3R 	 28305630 	 28305757 	 127
3R 	 28326908 	 28327087 	 179
3R 	 28332202 	 28332323 	 121
3R	28348138 	 28372600 	 24462
3R	28426144 	 28429137 	 2993
3R 	 28429764 	 28429891 	 127
3R 	 28443062 	 28443183 	 121
3R	28453915 	 28458415 	 4500
3R	28460073 	 28470418 	 10345
3R	28480082 	 28480292 	 210
3R 	 28490179 	 28490306 	 127
3R 	 28500517 	 28500639 	 122
3R 	 28518836 	 28518961 	 125
3R 	 28533566 	 28533667 	 101
3R	28549513 	 28549924 	 411
3R 	 28564859 	 28564986 	 127
3R 	 28577236 	 28577355 	 119
3R 	 28582948 	 28583075 	 127
3R	28583904 	 28584068 	 164
3R 	 28605843 	 28605970 	 127
3R	28607807 	 28614558 	 6751
3R	28641420 	 28641500 	 80
3R 	 28645553 	 28645680 	 127
3R	28650274 	 28654743 	 4469
3R	28669350 	 28669445 	 95
3R 	 28670327 	 28670451 	 124
3R	28674906 	 28675176 	 270
3R 	 28678738 	 28678865 	 127
3R	28683986 	 28693527 	 9541
3R	28708045 	 28710371 	 2326
3R 	 28722312 	 28722439 	 127
3R	28732812 	 28735959 	 3147
3R	28736426 	 28737054 	 628
3R	28741250 	 28743600 	 2350
3R 	 28744583 	 28744703 	 120
3R 	 28758496 	 28758592 	 96
3R 	 28761599 	 28761680 	 81
3R 	 28762740 	 28762857 	 117
3R 	 28764262 	 28764356 	 94
3R 	 28765058 	 28765185 	 127
3R 	 28767839 	 28767966 	 127
3R 	 28769751 	 28769862 	 111
3R 	 28772639 	 28772766 	 127
3R 	 28775951 	 28776073 	 122
3R 	 28793625 	 28793750 	 125
3R 	 28810601 	 28810728 	 127
3R	28843055 	 28846026 	 2971
3R 	 28846201 	 28846328 	 127
3R	28848695 	 28850326 	 1631
3R	28861421 	 28865451 	 4030
3R	28874409 	 28880001 	 5592
3R 	 28880458 	 28880585 	 127
3R	28884923 	 28885921 	 998
3R 	 28950823 	 28950938 	 115
3R	28959950 	 28967189 	 7239
3R 	 28970302 	 28970416 	 114
3R	28972298 	 28972678 	 380
3R 	 28979273 	 28979388 	 115
3R 	 28982734 	 28982861 	 127
3R 	 29004935 	 29005055 	 120
3R 	 29009453 	 29009580 	 127
3R 	 29015338 	 29015465 	 127
3R	29030129 	 29037206 	 7077
3R	29041446 	 29069350 	 27904
3R 	 29074028 	 29074155 	 127
3R 	 29078406 	 29078533 	 127
3R	29083525 	 29083618 	 93
3R	29087166 	 29099144 	 11978
3R 	 29113506 	 29113617 	 111
3R 	 29137550 	 29137672 	 122
3R 	 29144800 	 29144927 	 127
3R 	 29146586 	 29146707 	 121
3R 	 29225482 	 29225599 	 117
3R	29240868 	 29248631 	 7763
3R 	 29249939 	 29250066 	 127
3R	29253635 	 29254815 	 1180
3R	29268164 	 29268213 	 49
3R 	 29277961 	 29278088 	 127
3R	29279135 	 29280565 	 1430
3R	29287251 	 29288239 	 988
3R	29304946 	 29305497 	 551
3R 	 29314057 	 29314171 	 114
3R 	 29329717 	 29329835 	 118
3R 	 29353775 	 29353877 	 102
3R 	 29359701 	 29359816 	 115
3R 	 29373661 	 29373788 	 127
3R	29379060 	 29402426 	 23366
3R	29411833 	 29416859 	 5026
3R 	 29417666 	 29417793 	 127
3R	29419617 	 29434486 	 14869
3R	29434988 	 29436212 	 1224
3R 	 29440766 	 29440866 	 100
3R 	 29467076 	 29467203 	 127
3R 	 29469215 	 29469319 	 104
3R 	 29493581 	 29493680 	 99
3R	29514203 	 29521484 	 7281
3R 	 29534763 	 29534862 	 99
3R 	 29546704 	 29546826 	 122
3R 	 29570327 	 29570446 	 119
3R 	 29598501 	 29598628 	 127
3R	29634045 	 29637285 	 3240
3R 	 29667299 	 29667358 	 59
3R 	 29702932 	 29703054 	 122
3R	29709670 	 29716883 	 7213
3R	29722336 	 29724669 	 2333
3R	29729224 	 29735494 	 6270
3R 	 29749988 	 29750085 	 97
3R 	 29753506 	 29753633 	 127
3R 	 29797827 	 29797949 	 122
3R 	 29814130 	 29814257 	 127
3R 	 29817903 	 29818003 	 100
3R 	 29831127 	 29831249 	 122
3R	29863437 	 29871372 	 7935
3R 	 29872383 	 29872483 	 100
3R 	 29887704 	 29887831 	 127
3R 	 29891870 	 29891997 	 127
3R	29893783 	 29893838 	 55
3R	29895439 	 29900742 	 5303
3R	29923301 	 29923440 	 139
3R 	 29932572 	 29932699 	 127
3R	29937668 	 29938059 	 391
3R	29954719 	 29957519 	 2800
3R 	 29967504 	 29967607 	 103
3R	29975268 	 29975753 	 485
3R 	 29979728 	 29979855 	 127
3R	29984109 	 29993848 	 9739
3R 	 30011189 	 30011310 	 121
3R 	 30029203 	 30029330 	 127
3R	30031410 	 30045576 	 14166
3R	30053207 	 30054175 	 968
3R	30056528 	 30062905 	 6377
3R 	 30064990 	 30065117 	 127
3R 	 30082401 	 30082522 	 121
3R 	 30106314 	 30106393 	 79
3R 	 30109652 	 30109699 	 47
3R	30112271 	 30112343 	 72
3R 	 30119986 	 30120113 	 127
3R 	 30123823 	 30123944 	 121
3R	30154133 	 30154607 	 474
3R 	 30158112 	 30158239 	 127
3R 	 30185104 	 30185220 	 116
3R 	 30188901 	 30189019 	 118
3R 	 30209680 	 30209807 	 127
3R	30210408 	 30211369 	 961
3R 	 30224152 	 30224279 	 127
3R 	 30234729 	 30234856 	 127
3R 	 30236789 	 30236913 	 124
3R 	 30244489 	 30244616 	 127
3R 	 30245194 	 30245314 	 120
3R 	 30252241 	 30252368 	 127
3R 	 30265189 	 30265316 	 127
3R	30270705 	 30273300 	 2595
3R	30308923 	 30311032 	 2109
3R 	 30326671 	 30326776 	 105
3R 	 30330028 	 30330155 	 127
3R 	 30342449 	 30342576 	 127
3R	30385155 	 30391527 	 6372
3R 	 30400789 	 30400916 	 127
3R	30412751 	 30415870 	 3119
3R 	 30418396 	 30418506 	 110
3R	30421568 	 30421621 	 53
3R 	 30441531 	 30441569 	 38
3R 	 30442555 	 30442645 	 90
3R	30454301 	 30454356 	 55
3R 	 30488572 	 30488699 	 127
3R 	 30492999 	 30493126 	 127
3R	30522030 	 30543618 	 21588
3R 	 30567042 	 30567169 	 127
3R 	 30579852 	 30579979 	 127
3R	30603746 	 30603873 	 127
3R	30607830 	 30608199 	 369
3R	30619958 	 30631124 	 11166
3R 	 30639914 	 30640012 	 98
3R	30642420 	 30649412 	 6992
3R	30660234 	 30660432 	 198
3R 	 30663838 	 30663965 	 127
3R	30664792 	 30666373 	 1581
3R 	 30682653 	 30682742 	 89
3R	30695430 	 30695983 	 553
3R	30702214 	 30702274 	 60
3R 	 30703438 	 30703556 	 118
3R 	 30725043 	 30725170 	 127
3R 	 30740162 	 30740289 	 127
3R 	 30763981 	 30764108 	 127
3R	30826102 	 30826279 	 177
3R 	 30830652 	 30830779 	 127
3R 	 30851239 	 30851363 	 124
3R 	 30852183 	 30852305 	 122
3R 	 30855626 	 30855740 	 114
3R	30856034 	 30856141 	 107
3R 	 30884321 	 30884448 	 127
3R	30886759 	 30887415 	 656
3R	30909419 	 30916834 	 7415
3R	30980378 	 30980457 	 79
3R	30984662 	 30984954 	 292
3R 	 30989303 	 30989410 	 107
3R 	 31002367 	 31002476 	 109
3R 	 31025479 	 31025606 	 127
3R 	 31055256 	 31055383 	 127
3R	31063463 	 31065007 	 1544
3R 	 31081817 	 31081894 	 77
3R	31101368 	 31102539 	 1171
3R	31157098 	 31157189 	 91
3R	31172945 	 31187919 	 14974
3R 	 31191803 	 31191919 	 116
3R 	 31204307 	 31204429 	 122
3R 	 31214740 	 31214867 	 127
3R	31216959 	 31217091 	 132
3R	31256104 	 31256167 	 63
3R	31261898 	 31268064 	 6166
3R 	 31270427 	 31270554 	 127
3R 	 31280071 	 31280139 	 68
3R 	 31280987 	 31281114 	 127
3R 	 31300800 	 31300927 	 127
3R	31303387 	 31309272 	 5885
3R	31319203 	 31319315 	 112
3R 	 31333416 	 31333481 	 65
3R 	 31337260 	 31337361 	 101
3R	31349627 	 31367418 	 17791
3R 	 31369446 	 31369567 	 121
3R	31422341 	 31422731 	 390
3R 	 31439576 	 31439680 	 104
3R 	 31445037 	 31445135 	 98
3R	31446799 	 31449356 	 2557
3R 	 31451075 	 31451194 	 119
3R	31451643 	 31454848 	 3205
3R 	 31456151 	 31456246 	 95
3R 	 31497908 	 31498035 	 127
3R 	 31517355 	 31517482 	 127
3R	31538116 	 31538792 	 676
3R	31539576 	 31540082 	 506
3R	31576898 	 31591868 	 14970
3R 	 31602122 	 31602249 	 127
3R	31612426 	 31612676 	 250
3R 	 31612979 	 31613106 	 127
3R	31615723 	 31616450 	 727
3R 	 31619126 	 31619253 	 127
3R 	 31647290 	 31647394 	 104
3R 	 31648182 	 31648309 	 127
3R	31661537 	 31662797 	 1260
3R 	 31668920 	 31669047 	 127
3R	31671551 	 31671612 	 61
3R 	 31679044 	 31679171 	 127
3R 	 31687487 	 31687614 	 127
3R 	 31690462 	 31690525 	 63
3R 	 31694166 	 31694207 	 41
3R 	 31695490 	 31695566 	 76
3R 	 31710932 	 31711059 	 127
3R	31715113 	 31715269 	 156
3R	31728822 	 31728874 	 52
3R	31734951 	 31735094 	 143
3R	31745354 	 31748788 	 3434
3R 	 31755177 	 31755303 	 126
3R 	 31756608 	 31756735 	 127
3R 	 31758370 	 31758497 	 127
3R	31759586 	 31763799 	 4213
3R 	 31767201 	 31767316 	 115
3R 	 31802428 	 31802555 	 127
3R 	 31805415 	 31805502 	 87
3R 	 31823682 	 31823722 	 40
3R	31831837 	 31840848 	 9011
3R	31857768 	 31859773 	 2005
3R	31864448 	 31866768 	 2320
3R 	 31881414 	 31881521 	 107
3R 	 31897181 	 31897286 	 105
3R	31909543 	 31912399 	 2856
3R 	 31946425 	 31946552 	 127
3R 	 31961365 	 31961492 	 127
3R 	 31978607 	 31978713 	 106
3R 	 32012978 	 32013023 	 45
3R	32016825 	 32016880 	 55
3R 	 32051359 	 32051486 	 127
4 	 7461 	 7582 	 121
4 	 19853 	 19954 	 101
4 	 35764 	 35845 	 81
4 	 53598 	 53709 	 111
4	85150 	 85348 	 198
4	102581 	 102652 	 71
4	122945 	 145999 	 23054
4	147775 	 152126 	 4351
4 	 160720 	 160834 	 114
4	179684 	 180207 	 523
4	257716 	 258431 	 715
4 	 267521 	 267642 	 121
4	284497 	 289394 	 4897
4 	 297467 	 297580 	 113
4 	 311431 	 311543 	 112
4 	 313634 	 313687 	 53
4 	 327770 	 327851 	 81
4 	 328479 	 328584 	 105
4	357845 	 363859 	 6014
4	369995 	 372307 	 2312
4	420208 	 420567 	 359
4	424882 	 429041 	 4159
4 	 450201 	 450236 	 35
4 	 454453 	 454544 	 91
4	464917 	 470123 	 5206
4	538159 	 539687 	 1528
4	550896 	 550950 	 54
4	577892 	 579443 	 1551
4	587982 	 591451 	 3469
4	592398 	 592694 	 296
4	610165 	 612160 	 1995
4	625796 	 629214 	 3418
4	647295 	 647576 	 281
4 	 680030 	 680138 	 108
4	688031 	 711626 	 23595
4	725501 	 734697 	 9196
4 	 753207 	 753270 	 63
4 	 758288 	 758351 	 63
4 	 761553 	 761677 	 124
4 	 766834 	 766934 	 100
4 	 852053 	 852154 	 101
4 	 867088 	 867187 	 99
4	905487 	 921025 	 15538
4	926220 	 927383 	 1163
4	933141 	 934308 	 1167
4 	 934998 	 935050 	 52
4 	 946047 	 946172 	 125
4	946483 	 948911 	 2428
4	951403 	 952123 	 720
4 	 1024148 	 1024246 	 98
4 	 1050101 	 1050213 	 112
4	1055594 	 1055711 	 117
4	1056938 	 1057653 	 715
4 	 1086863 	 1086971 	 108
4	1100393 	 1104015 	 3622
4	1136301 	 1141959 	 5658
4	1155204 	 1157368 	 2164
4 	 1172620 	 1172742 	 122
4 	 1200601 	 1200662 	 61
4	1219909 	 1220974 	 1065
4	1226455 	 1240598 	 14143
4	1241906 	 1249536 	 7630
4 	 1255131 	 1255233 	 102
4 	 1270596 	 1270703 	 107
4 	 1294836 	 1294886 	 50
4 	 1315747 	 1315831 	 84
4 	 1322292 	 1322402 	 110
4 	 1338223 	 1338298 	 75
4 	 1339623 	 1339720 	 97
X	2712 	 2728 	 16
X 	 21878 	 21938 	 60
X 	 22258 	 22363 	 105
X 	 25186 	 25282 	 96
X 	 32388 	 32439 	 51
X 	 32745 	 32859 	 114
X 	 40757 	 40878 	 121
X 	 44464 	 44530 	 66
X 	 45055 	 45169 	 114
X 	 52068 	 52169 	 101
X 	 64303 	 64395 	 92
X 	 76334 	 76410 	 76
X 	 76537 	 76598 	 61
X 	 85262 	 85340 	 78
X	148960 	 152002 	 3042
X	153372 	 153872 	 500
X 	 157035 	 157158 	 123
X 	 162322 	 162437 	 115
X 	 209996 	 210092 	 96
X 	 210500 	 210539 	 39
X 	 211571 	 211601 	 30
X 	 227107 	 227228 	 121
X 	 233924 	 234011 	 87
X	257823 	 262317 	 4494
X	276754 	 276866 	 112
X 	 320463 	 320575 	 112
X 	 344554 	 344675 	 121
X	387382 	 387886 	 504
X	392797 	 403864 	 11067
X	404987 	 408444 	 3457
X 	 408935 	 409052 	 117
X 	 428423 	 428522 	 99
X 	 429066 	 429160 	 94
X	459139 	 467176 	 8037
X	470958 	 471146 	 188
X 	 497639 	 497753 	 114
X	499848 	 503489 	 3641
X	521845 	 522198 	 353
X	533081 	 538520 	 5439
X 	 555616 	 555710 	 94
X 	 573454 	 573575 	 121
X	614674 	 616148 	 1474
X	617081 	 617543 	 462
X	673647 	 677598 	 3951
X	715054 	 723628 	 8574
X 	 743682 	 743806 	 124
X	750200 	 750254 	 54
X 	 750540 	 750664 	 124
X	765604 	 766083 	 479
X	767846 	 768000 	 154
X	865333 	 865689 	 356
X 	 893121 	 893229 	 108
X	951158 	 953556 	 2398
X 	 969410 	 969531 	 121
X	972220 	 975713 	 3493
X	980506 	 988867 	 8361
X	992171 	 999400 	 7229
X	1007685 	 1008015 	 330
X 	 1031567 	 1031630 	 63
X 	 1037589 	 1037678 	 89
X 	 1046020 	 1046084 	 64
X 	 1066598 	 1066704 	 106
X 	 1072046 	 1072157 	 111
X	1128620 	 1137528 	 8908
X 	 1160776 	 1160893 	 117
X 	 1189490 	 1189609 	 119
X 	 1299369 	 1299491 	 122
X	1311043 	 1332134 	 21091
X	1333036 	 1334774 	 1738
X 	 1343192 	 1343290 	 98
X 	 1388205 	 1388256 	 51
X 	 1413118 	 1413232 	 114
X 	 1417975 	 1418085 	 110
X 	 1423523 	 1423621 	 98
X	1436514 	 1437350 	 836
X 	 1439639 	 1439698 	 59
X 	 1444051 	 1444110 	 59
X	1446437 	 1447602 	 1165
X	1448100 	 1448859 	 759
X 	 1448981 	 1449094 	 113
X	1454423 	 1454549 	 126
X 	 1454840 	 1454894 	 54
X	1455950 	 1486458 	 30508
X 	 1509198 	 1509232 	 34
X	1529532 	 1531946 	 2414
X 	 1546157 	 1546279 	 122
X	1572714 	 1575297 	 2583
X 	 1579959 	 1580081 	 122
X 	 1587306 	 1587422 	 116
X	1610208 	 1610854 	 646
X 	 1616423 	 1616545 	 122
X	1654870 	 1656541 	 1671
X 	 1693636 	 1693752 	 116
X	1696690 	 1696870 	 180
X	1699199 	 1708838 	 9639
X 	 1744464 	 1744542 	 78
X 	 1768114 	 1768238 	 124
X 	 1851857 	 1851963 	 106
X	1852763 	 1854658 	 1895
X	1863375 	 1867248 	 3873
X	1868581 	 1868642 	 61
X	1869154 	 1869969 	 815
X	1900613 	 1906900 	 6287
X 	 1913495 	 1913618 	 123
X 	 1934674 	 1934704 	 30
X	1945075 	 1945904 	 829
X	1968026 	 1968409 	 383
X 	 1970118 	 1970236 	 118
X	1990188 	 1997315 	 7127
X 	 2004355 	 2004478 	 123
X	2016539 	 2018074 	 1535
X	2035287 	 2035513 	 226
X	2084736 	 2085640 	 904
X	2094980 	 2095837 	 857
X	2096234 	 2112592 	 16358
X 	 2129706 	 2129819 	 113
X	2135049 	 2137680 	 2631
X 	 2145139 	 2145248 	 109
X 	 2178174 	 2178283 	 109
X 	 2184204 	 2184327 	 123
X 	 2201863 	 2201960 	 97
X	2207519 	 2217493 	 9974
X	2222715 	 2223418 	 703
X 	 2240011 	 2240112 	 101
X 	 2265097 	 2265221 	 124
X	2267272 	 2283493 	 16221
X	2283818 	 2284042 	 224
X 	 2316426 	 2316473 	 47
X	2335543 	 2336195 	 652
X	2343536 	 2345038 	 1502
X 	 2365832 	 2365954 	 122
X 	 2413561 	 2413657 	 96
X	2418499 	 2435965 	 17466
X	2453443 	 2454513 	 1070
X	2464312 	 2472396 	 8084
X 	 2489241 	 2489364 	 123
X 	 2510608 	 2510719 	 111
X 	 2558286 	 2558394 	 108
X	2578532 	 2581880 	 3348
X	2595827 	 2600090 	 4263
X 	 2617731 	 2617840 	 109
X	2623592 	 2626123 	 2531
X	2630987 	 2631606 	 619
X	2683340 	 2689794 	 6454
X	2690919 	 2691019 	 100
X	2710797 	 2712918 	 2121
X	2721264 	 2725493 	 4229
X 	 2781976 	 2782088 	 112
X	2787409 	 2791576 	 4167
X 	 2797008 	 2797129 	 121
X 	 2803877 	 2804001 	 124
X 	 2807370 	 2807468 	 98
X	2833557 	 2835927 	 2370
X 	 2846294 	 2846361 	 67
X 	 2846914 	 2846978 	 64
X 	 2877228 	 2877331 	 103
X 	 2885425 	 2885535 	 110
X	2898574 	 2906515 	 7941
X 	 2906886 	 2906999 	 113
X	2908845 	 2912598 	 3753
X 	 2934713 	 2934789 	 76
X 	 2937003 	 2937114 	 111
X 	 2937703 	 2937830 	 127
X	2951873 	 2956257 	 4384
X 	 3024859 	 3024974 	 115
X	3049251 	 3052147 	 2896
X 	 3071345 	 3071472 	 127
X 	 3077279 	 3077397 	 118
X 	 3111366 	 3111493 	 127
X	3136763 	 3147176 	 10413
X	3150542 	 3154196 	 3654
X	3163200 	 3163787 	 587
X	3191558 	 3198110 	 6552
X 	 3232953 	 3233074 	 121
X	3237336 	 3238281 	 945
X	3252594 	 3252936 	 342
X	3275226 	 3277420 	 2194
X	3299595 	 3307765 	 8170
X	3323956 	 3329453 	 5497
X	3355372 	 3366521 	 11149
X	3383029 	 3383356 	 327
X 	 3413723 	 3413847 	 124
X 	 3425718 	 3425816 	 98
X	3427984 	 3428036 	 52
X 	 3438644 	 3438743 	 99
X	3457716 	 3457841 	 125
X	3459014 	 3469553 	 10539
X	3481743 	 3482974 	 1231
X 	 3511082 	 3511152 	 70
X	3519107 	 3521687 	 2580
X	3531402 	 3531470 	 68
X	3560417 	 3561087 	 670
X 	 3599853 	 3599973 	 120
X 	 3602024 	 3602102 	 78
X 	 3603046 	 3603103 	 57
X 	 3604135 	 3604169 	 34
X 	 3604518 	 3604569 	 51
X 	 3608556 	 3608591 	 35
X	3679375 	 3692524 	 13149
X	3698946 	 3700044 	 1098
X	3703183 	 3705160 	 1977
X	3720873 	 3721866 	 993
X 	 3722189 	 3722287 	 98
X 	 3739482 	 3739582 	 100
X 	 3751029 	 3751145 	 116
X 	 3755248 	 3755328 	 80
X	3829473 	 3837056 	 7583
X	3861057 	 3864847 	 3790
X	3871140 	 3871252 	 112
X	3879489 	 3897160 	 17671
X	3897715 	 3898098 	 383
X	3899844 	 3908030 	 8186
X	3912439 	 3920628 	 8189
X	3928587 	 3928774 	 187
X	3966692 	 3969486 	 2794
X	4001034 	 4007101 	 6067
X 	 4013958 	 4014075 	 117
X	4044673 	 4046679 	 2006
X 	 4056428 	 4056465 	 37
X 	 4056583 	 4056673 	 90
X 	 4095407 	 4095512 	 105
X 	 4097684 	 4097786 	 102
X 	 4112006 	 4112128 	 122
X 	 4113294 	 4113418 	 124
X 	 4145451 	 4145548 	 97
X 	 4150696 	 4150737 	 41
X	4169253 	 4178711 	 9458
X 	 4193542 	 4193664 	 122
X 	 4225371 	 4225487 	 116
X 	 4252869 	 4252956 	 87
X 	 4253010 	 4253050 	 40
X	4274624 	 4278045 	 3421
X 	 4293802 	 4293894 	 92
X 	 4358722 	 4358829 	 107
X	4374050 	 4374132 	 82
X	4386046 	 4386586 	 540
X	4386854 	 4416493 	 29639
X 	 4417967 	 4418088 	 121
X	4470519 	 4471133 	 614
X 	 4487962 	 4488071 	 109
X	4542269 	 4542486 	 217
X	4546116 	 4546510 	 394
X	4569476 	 4569547 	 71
X 	 4576999 	 4577121 	 122
X	4589692 	 4589772 	 80
X	4605727 	 4643701 	 37974
X	4652539 	 4656986 	 4447
X 	 4705444 	 4705568 	 124
X	4716482 	 4717985 	 1503
X 	 4729821 	 4729940 	 119
X	4765009 	 4779105 	 14096
X	4824223 	 4824609 	 386
X	4824824 	 4827108 	 2284
X	4863385 	 4872213 	 8828
X	4886670 	 4898559 	 11889
X	4901095 	 4909818 	 8723
X	4926882 	 4931296 	 4414
X 	 4945833 	 4945949 	 116
X	4947863 	 4968161 	 20298
X	5011066 	 5011279 	 213
X	5023668 	 5038334 	 14666
X	5087633 	 5087791 	 158
X 	 5090848 	 5090967 	 119
X 	 5101641 	 5101697 	 56
X 	 5101755 	 5101852 	 97
X 	 5103273 	 5103352 	 79
X	5107340 	 5115586 	 8246
X	5146029 	 5152340 	 6311
X 	 5166444 	 5166560 	 116
X	5204245 	 5205479 	 1234
X	5207310 	 5210952 	 3642
X	5227280 	 5229619 	 2339
X	5236828 	 5241902 	 5074
X	5246208 	 5250657 	 4449
X	5254026 	 5267401 	 13375
X	5270056 	 5270372 	 316
X	5297970 	 5309302 	 11332
X	5312736 	 5314164 	 1428
X	5320150 	 5322226 	 2076
X	5326479 	 5327076 	 597
X	5327669 	 5341835 	 14166
X 	 5351666 	 5351774 	 108
X	5372667 	 5375865 	 3198
X 	 5376442 	 5376563 	 121
X 	 5378837 	 5378950 	 113
X	5388919 	 5389612 	 693
X 	 5391471 	 5391565 	 94
X 	 5392582 	 5392702 	 120
X 	 5399423 	 5399529 	 106
X 	 5403838 	 5403962 	 124
X 	 5484098 	 5484188 	 90
X	5502505 	 5502569 	 64
X 	 5535800 	 5535916 	 116
X	5543148 	 5547770 	 4622
X	5549931 	 5558583 	 8652
X	5561538 	 5562503 	 965
X	5569849 	 5570874 	 1025
X	5592506 	 5607648 	 15142
X	5622426 	 5624211 	 1785
X 	 5643401 	 5643505 	 104
X	5670217 	 5670270 	 53
X 	 5679562 	 5679663 	 101
X 	 5690525 	 5690647 	 122
X 	 5736075 	 5736199 	 124
X	5744716 	 5753186 	 8470
X 	 5760974 	 5761099 	 125
X	5821990 	 5822042 	 52
X	5836775 	 5837545 	 770
X	5840590 	 5840830 	 240
X	5859661 	 5862882 	 3221
X 	 5873084 	 5873199 	 115
X	5886865 	 5894114 	 7249
X 	 5910961 	 5911066 	 105
X 	 5915958 	 5916057 	 99
X 	 5931576 	 5931676 	 100
X	5955158 	 5956492 	 1334
X 	 5969681 	 5969783 	 102
X	5981022 	 5981233 	 211
X 	 5982851 	 5982949 	 98
X	6029045 	 6032743 	 3698
X	6034629 	 6049053 	 14424
X	6099670 	 6104877 	 5207
X 	 6116997 	 6117110 	 113
X 	 6121448 	 6121569 	 121
X	6187176 	 6191625 	 4449
X	6211487 	 6211916 	 429
X	6229514 	 6229753 	 239
X 	 6233581 	 6233683 	 102
X 	 6240199 	 6240311 	 112
X 	 6314423 	 6314525 	 102
X 	 6382925 	 6383006 	 81
X 	 6385717 	 6385763 	 46
X 	 6394792 	 6394861 	 69
X 	 6397232 	 6397321 	 89
X 	 6446951 	 6447008 	 57
X 	 6452810 	 6452913 	 103
X 	 6512476 	 6512577 	 101
X 	 6531217 	 6531340 	 123
X 	 6544886 	 6544992 	 106
X 	 6563544 	 6563666 	 122
X	6572239 	 6573966 	 1727
X	6574672 	 6574721 	 49
X 	 6579438 	 6579559 	 121
X	6584209 	 6586157 	 1948
X 	 6587038 	 6587146 	 108
X	6632391 	 6633427 	 1036
X 	 6654304 	 6654425 	 121
X	6654541 	 6654754 	 213
X 	 6659737 	 6659859 	 122
X	6662237 	 6662447 	 210
X	6673213 	 6675400 	 2187
X	6684518 	 6686068 	 1550
X	6712926 	 6721385 	 8459
X	6723376 	 6725795 	 2419
X 	 6729986 	 6730095 	 109
X 	 6799903 	 6800026 	 123
X	6807426 	 6808730 	 1304
X	6818511 	 6819530 	 1019
X	6823913 	 6824115 	 202
X	6849959 	 6850303 	 344
X	6854595 	 6856748 	 2153
X	6857493 	 6857571 	 78
X	6861924 	 6878637 	 16713
X 	 6890350 	 6890474 	 124
X	6913316 	 6916083 	 2767
X 	 6926906 	 6926962 	 56
X 	 6948994 	 6949095 	 101
X 	 6953538 	 6953649 	 111
X 	 6954112 	 6954224 	 112
X 	 6958129 	 6958228 	 99
X	6985882 	 6986136 	 254
X 	 6998770 	 6998895 	 125
X	6998955 	 7009083 	 10128
X 	 7030747 	 7030792 	 45
X	7031099 	 7031837 	 738
X 	 7036989 	 7037111 	 122
X 	 7074573 	 7074697 	 124
X	7078176 	 7080468 	 2292
X	7084501 	 7085374 	 873
X 	 7098573 	 7098680 	 107
X	7107275 	 7107604 	 329
X	7118140 	 7120659 	 2519
X 	 7128217 	 7128255 	 38
X	7177289 	 7185748 	 8459
X 	 7195097 	 7195205 	 108
X	7224736 	 7225091 	 355
X	7256343 	 7258096 	 1753
X	7267675 	 7269271 	 1596
X	7296307 	 7296596 	 289
X	7297265 	 7297408 	 143
X	7302770 	 7303027 	 257
X	7318618 	 7329455 	 10837
X	7334955 	 7351775 	 16820
X	7360572 	 7365291 	 4719
X	7381005 	 7382600 	 1595
X	7383526 	 7383690 	 164
X 	 7407986 	 7408091 	 105
X	7412412 	 7412904 	 492
X	7420754 	 7421503 	 749
X	7456192 	 7456393 	 201
X	7460883 	 7463830 	 2947
X	7474350 	 7476996 	 2646
X 	 7478085 	 7478206 	 121
X 	 7526947 	 7527048 	 101
X	7540361 	 7553653 	 13292
X	7576381 	 7581935 	 5554
X	7582590 	 7582671 	 81
X	7593465 	 7600709 	 7244
X	7630836 	 7637475 	 6639
X	7638922 	 7642219 	 3297
X	7642770 	 7646862 	 4092
X 	 7675504 	 7675614 	 110
X	7677944 	 7690129 	 12185
X	7692485 	 7692569 	 84
X 	 7701839 	 7701945 	 106
X 	 7723364 	 7723469 	 105
X	7728073 	 7728490 	 417
X 	 7767225 	 7767322 	 97
X 	 7807403 	 7807512 	 109
X 	 7813805 	 7813873 	 68
X 	 7814037 	 7814096 	 59
X 	 7816309 	 7816378 	 69
X	7821246 	 7821313 	 67
X 	 7897252 	 7897319 	 67
X 	 7898645 	 7898704 	 59
X	7906127 	 7907762 	 1635
X	7929884 	 7940176 	 10292
X	7945434 	 7945551 	 117
X	7951953 	 7954862 	 2909
X	7967185 	 7975679 	 8494
X 	 8002775 	 8002893 	 118
X 	 8027501 	 8027627 	 126
X 	 8032147 	 8032202 	 55
X 	 8035190 	 8035234 	 44
X	8050386 	 8080677 	 30291
X	8105966 	 8106438 	 472
X 	 8107082 	 8107202 	 120
X	8120162 	 8120460 	 298
X	8121921 	 8137993 	 16072
X	8174232 	 8174606 	 374
X 	 8216993 	 8217078 	 85
X 	 8232474 	 8232516 	 42
X	8234476 	 8235027 	 551
X	8241331 	 8250417 	 9086
X 	 8271551 	 8271660 	 109
X	8333181 	 8334101 	 920
X	8338281 	 8350454 	 12173
X	8361151 	 8362243 	 1092
X 	 8363796 	 8363907 	 111
X 	 8368063 	 8368153 	 90
X	8370589 	 8377004 	 6415
X	8384199 	 8384260 	 61
X	8388361 	 8393535 	 5174
X	8395489 	 8396619 	 1130
X	8401230 	 8401626 	 396
X 	 8405072 	 8405196 	 124
X 	 8428874 	 8428987 	 113
X 	 8490053 	 8490172 	 119
X 	 8493338 	 8493459 	 121
X	8493996 	 8499511 	 5515
X 	 8501776 	 8501898 	 122
X 	 8501959 	 8502064 	 105
X	8517264 	 8548727 	 31463
X	8553312 	 8554942 	 1630
X	8557474 	 8557983 	 509
X	8567026 	 8567639 	 613
X	8576979 	 8577555 	 576
X	8580159 	 8583503 	 3344
X 	 8608659 	 8608780 	 121
X 	 8619989 	 8620113 	 124
X	8624227 	 8630307 	 6080
X 	 8636875 	 8636990 	 115
X	8641198 	 8642837 	 1639
X	8644546 	 8656510 	 11964
X	8660589 	 8660772 	 183
X 	 8690454 	 8690553 	 99
X	8700239 	 8703479 	 3240
X	8719697 	 8720796 	 1099
X	8723838 	 8725116 	 1278
X	8746573 	 8746723 	 150
X	8758397 	 8759391 	 994
X 	 8779383 	 8779500 	 117
X	8787925 	 8796290 	 8365
X 	 8816585 	 8816708 	 123
X 	 8828968 	 8829089 	 121
X 	 8860802 	 8860923 	 121
X	8875302 	 8880658 	 5356
X	8882828 	 8884718 	 1890
X	8894164 	 8899007 	 4843
X 	 8901991 	 8902101 	 110
X	8934775 	 8934941 	 166
X	8941133 	 8942065 	 932
X	8992715 	 9001815 	 9100
X 	 9008608 	 9008729 	 121
X 	 9029632 	 9029753 	 121
X 	 9078014 	 9078124 	 110
X 	 9099556 	 9099651 	 95
X	9189445 	 9190001 	 556
X 	 9217126 	 9217220 	 94
X 	 9217272 	 9217304 	 32
X 	 9226573 	 9226694 	 121
X	9273851 	 9278481 	 4630
X 	 9293607 	 9293723 	 116
X	9315865 	 9316841 	 976
X 	 9335959 	 9336080 	 121
X	9377237 	 9380470 	 3233
X 	 9404204 	 9404286 	 82
X	9404821 	 9422566 	 17745
X	9440549 	 9445225 	 4676
X	9516761 	 9516961 	 200
X	9519023 	 9521902 	 2879
X	9560534 	 9563298 	 2764
X	9576964 	 9577342 	 378
X 	 9581643 	 9581767 	 124
X 	 9586736 	 9586840 	 104
X	9595484 	 9599054 	 3570
X 	 9601184 	 9601307 	 123
X	9602116 	 9602384 	 268
X	9610641 	 9614165 	 3524
X 	 9629550 	 9629657 	 107
X 	 9637435 	 9637533 	 98
X	9677828 	 9683410 	 5582
X	9705942 	 9706458 	 516
X	9707188 	 9707769 	 581
X	9710353 	 9739572 	 29219
X	9739796 	 9740775 	 979
X	9741264 	 9744867 	 3603
X	9777640 	 9789401 	 11761
X 	 9802839 	 9802878 	 39
X 	 9804755 	 9804811 	 56
X	9820036 	 9820400 	 364
X 	 9836837 	 9836937 	 100
X	9849997 	 9856096 	 6099
X	9866235 	 9877059 	 10824
X 	 9888050 	 9888152 	 102
X	9897443 	 9900565 	 3122
X	9923902 	 9923991 	 89
X 	 9932140 	 9932249 	 109
X	9934857 	 9938034 	 3177
X	9941771 	 9941914 	 143
X 	 9948290 	 9948412 	 122
X 	 9956517 	 9956636 	 119
X 	 9960402 	 9960513 	 111
X	9979716 	 9985908 	 6192
X	10002374 	 10003285 	 911
X	10019844 	 10019977 	 133
X	10035904 	 10049652 	 13748
X 	 10052336 	 10052437 	 101
X	10057796 	 10060521 	 2725
X	10065426 	 10073246 	 7820
X 	 10104042 	 10104136 	 94
X 	 10128140 	 10128249 	 109
X 	 10139500 	 10139558 	 58
X 	 10141918 	 10142012 	 94
X 	 10148233 	 10148355 	 122
X	10149719 	 10150400 	 681
X	10221986 	 10222581 	 595
X	10223415 	 10232150 	 8735
X	10233766 	 10246928 	 13162
X	10251241 	 10251912 	 671
X	10291577 	 10298865 	 7288
X 	 10299775 	 10299894 	 119
X 	 10351011 	 10351049 	 38
X 	 10355684 	 10355734 	 50
X 	 10401816 	 10401923 	 107
X	10408927 	 10410696 	 1769
X 	 10440087 	 10440204 	 117
X 	 10451299 	 10451401 	 102
X 	 10458074 	 10458185 	 111
X	10461516 	 10472959 	 11443
X	10475395 	 10492075 	 16680
X 	 10533492 	 10533607 	 115
X	10606492 	 10612587 	 6095
X	10655716 	 10656130 	 414
X	10665850 	 10668307 	 2457
X 	 10686902 	 10687016 	 114
X	10713906 	 10714524 	 618
X	10725550 	 10726556 	 1006
X	10748980 	 10749112 	 132
X	10752015 	 10752478 	 463
X	10757968 	 10764853 	 6885
X	10806735 	 10832210 	 25475
X	10853355 	 10855904 	 2549
X	10882617 	 10884884 	 2267
X	10887609 	 10906881 	 19272
X	10915349 	 10918906 	 3557
X	10923447 	 10924550 	 1103
X	10969970 	 10972955 	 2985
X 	 10997284 	 10997401 	 117
X	11018044 	 11019693 	 1649
X	11047357 	 11056163 	 8806
X	11065763 	 11075318 	 9555
X	11088721 	 11088813 	 92
X 	 11108033 	 11108154 	 121
X	11127906 	 11139963 	 12057
X	11165759 	 11168416 	 2657
X 	 11185950 	 11186034 	 84
X 	 11186314 	 11186413 	 99
X 	 11187915 	 11187999 	 84
X 	 11271987 	 11272042 	 55
X	11275585 	 11280516 	 4931
X	11374950 	 11379034 	 4084
X	11380880 	 11384043 	 3163
X	11392066 	 11395675 	 3609
X	11403247 	 11417589 	 14342
X	11424898 	 11427731 	 2833
X	11503256 	 11506908 	 3652
X 	 11507565 	 11507684 	 119
X 	 11528281 	 11528382 	 101
X	11547058 	 11551744 	 4686
X 	 11589280 	 11589401 	 121
X	11614490 	 11614751 	 261
X 	 11637528 	 11637645 	 117
X 	 11648269 	 11648307 	 38
X	11668033 	 11668424 	 391
X	11668801 	 11679961 	 11160
X	11696625 	 11697393 	 768
X 	 11699507 	 11699605 	 98
X 	 11710649 	 11710770 	 121
X	11717483 	 11724440 	 6957
X 	 11748722 	 11748776 	 54
X 	 11749388 	 11749453 	 65
X	11759638 	 11761390 	 1752
X 	 11803402 	 11803526 	 124
X 	 11813466 	 11813507 	 41
X 	 11814766 	 11814851 	 85
X	11815744 	 11817708 	 1964
X	11843523 	 11844224 	 701
X	11862864 	 11865358 	 2494
X	11907425 	 11907767 	 342
X 	 11921052 	 11921156 	 104
X 	 11954307 	 11954424 	 117
X	11990503 	 11990664 	 161
X	12003368 	 12009804 	 6436
X 	 12055757 	 12055878 	 121
X 	 12064360 	 12064482 	 122
X 	 12090472 	 12090574 	 102
X	12099672 	 12100235 	 563
X 	 12102192 	 12102306 	 114
X	12107546 	 12107681 	 135
X	12123742 	 12123798 	 56
X	12131731 	 12131998 	 267
X 	 12145018 	 12145130 	 112
X 	 12146369 	 12146450 	 81
X 	 12148226 	 12148271 	 45
X 	 12163922 	 12164024 	 102
X 	 12172873 	 12172926 	 53
X	12203363 	 12212893 	 9530
X	12218440 	 12228311 	 9871
X	12248457 	 12248647 	 190
X 	 12252584 	 12252687 	 103
X	12269920 	 12270811 	 891
X 	 12284403 	 12284511 	 108
X	12294632 	 12294704 	 72
X 	 12312428 	 12312535 	 107
X	12319221 	 12322326 	 3105
X 	 12336162 	 12336273 	 111
X	12343770 	 12343843 	 73
X 	 12363944 	 12364052 	 108
X	12372528 	 12377901 	 5373
X 	 12382065 	 12382177 	 112
X 	 12384416 	 12384475 	 59
X	12406372 	 12406499 	 127
X 	 12420658 	 12420759 	 101
X 	 12436323 	 12436439 	 116
X	12453608 	 12454292 	 684
X 	 12458511 	 12458632 	 121
X	12460538 	 12460747 	 209
X	12528880 	 12529281 	 401
X 	 12538315 	 12538437 	 122
X 	 12641755 	 12641871 	 116
X 	 12665476 	 12665576 	 100
X 	 12672349 	 12672467 	 118
X	12686630 	 12687122 	 492
X 	 12691209 	 12691320 	 111
X	12700453 	 12703971 	 3518
X	12706457 	 12716207 	 9750
X	12734309 	 12746641 	 12332
X	12768200 	 12773384 	 5184
X 	 12797524 	 12797568 	 44
X 	 12799340 	 12799425 	 85
X	12811464 	 12814508 	 3044
X 	 12868874 	 12868983 	 109
X 	 12881063 	 12881184 	 121
X	12913505 	 12913680 	 175
X 	 12926769 	 12926872 	 103
X 	 12932137 	 12932186 	 49
X	12943726 	 12944482 	 756
X	12949858 	 12951098 	 1240
X	13000860 	 13004583 	 3723
X	13021764 	 13021983 	 219
X 	 13031625 	 13031747 	 122
X	13051639 	 13052516 	 877
X 	 13069847 	 13069966 	 119
X	13085570 	 13086213 	 643
X 	 13099045 	 13099163 	 118
X	13137446 	 13151561 	 14115
X 	 13166948 	 13167058 	 110
X 	 13176157 	 13176220 	 63
X 	 13177945 	 13178008 	 63
X 	 13184418 	 13184460 	 42
X 	 13188605 	 13188708 	 103
X 	 13190525 	 13190646 	 121
X 	 13195057 	 13195179 	 122
X	13202135 	 13211742 	 9607
X	13247897 	 13257929 	 10032
X	13268124 	 13268427 	 303
X	13269998 	 13270577 	 579
X	13311354 	 13311426 	 72
X	13317673 	 13318282 	 609
X 	 13343727 	 13343836 	 109
X	13353433 	 13353486 	 53
X	13383016 	 13385186 	 2170
X 	 13410362 	 13410463 	 101
X 	 13431133 	 13431255 	 122
X	13486162 	 13488059 	 1897
X	13501737 	 13503467 	 1730
X 	 13510664 	 13510787 	 123
X	13546643 	 13559166 	 12523
X	13561229 	 13569273 	 8044
X	13577145 	 13578463 	 1318
X	13580450 	 13580652 	 202
X	13596624 	 13596706 	 82
X	13599127 	 13608343 	 9216
X 	 13684857 	 13684965 	 108
X	13706093 	 13706500 	 407
X	13719858 	 13728312 	 8454
X 	 13736467 	 13736580 	 113
X	13744643 	 13744770 	 127
X	13750397 	 13753181 	 2784
X 	 13767901 	 13768007 	 106
X	13779749 	 13780465 	 716
X	13804540 	 13805697 	 1157
X	13813595 	 13818119 	 4524
X 	 13834835 	 13834953 	 118
X	13891092 	 13893298 	 2206
X 	 13938180 	 13938301 	 121
X	13956510 	 13957812 	 1302
X	13983082 	 13983770 	 688
X 	 14002004 	 14002103 	 99
X 	 14005226 	 14005348 	 122
X 	 14008531 	 14008589 	 58
X 	 14009109 	 14009225 	 116
X	14011088 	 14011826 	 738
X 	 14013394 	 14013509 	 115
X 	 14052622 	 14052666 	 44
X 	 14055544 	 14055629 	 85
X 	 14058082 	 14058128 	 46
X 	 14058931 	 14059014 	 83
X	14070641 	 14085658 	 15017
X	14095587 	 14096680 	 1093
X 	 14114705 	 14114827 	 122
X	14147430 	 14148115 	 685
X	14149444 	 14153987 	 4543
X 	 14156235 	 14156299 	 64
X	14163409 	 14181567 	 18158
X	14181745 	 14181799 	 54
X 	 14193134 	 14193255 	 121
X	14241829 	 14242204 	 375
X	14265456 	 14266417 	 961
X	14276645 	 14277693 	 1048
X	14292813 	 14301387 	 8574
X 	 14316453 	 14316535 	 82
X 	 14370707 	 14370809 	 102
X 	 14379305 	 14379350 	 45
X	14395029 	 14396153 	 1124
X 	 14398060 	 14398163 	 103
X 	 14409376 	 14409489 	 113
X 	 14419034 	 14419128 	 94
X 	 14421927 	 14422024 	 97
X 	 14469679 	 14469715 	 36
X	14495215 	 14495276 	 61
X 	 14506186 	 14506307 	 121
X 	 14510397 	 14510486 	 89
X	14513761 	 14516508 	 2747
X	14518035 	 14518876 	 841
X 	 14523917 	 14524038 	 121
X 	 14538916 	 14539017 	 101
X 	 14560318 	 14560358 	 40
X 	 14586433 	 14586538 	 105
X 	 14591898 	 14592004 	 106
X	14592506 	 14600106 	 7600
X 	 14603236 	 14603360 	 124
X	14623535 	 14623844 	 309
X	14625549 	 14625773 	 224
X 	 14641773 	 14641869 	 96
X	14676176 	 14687960 	 11784
X	14689625 	 14698452 	 8827
X	14704774 	 14706036 	 1262
X	14712181 	 14712596 	 415
X 	 14766766 	 14766887 	 121
X 	 14778396 	 14778497 	 101
X 	 14787149 	 14787261 	 112
X 	 14803054 	 14803086 	 32
X 	 14822597 	 14822709 	 112
X 	 14823274 	 14823355 	 81
X 	 14835530 	 14835649 	 119
X	14863534 	 14865802 	 2268
X	14899712 	 14900904 	 1192
X 	 14905914 	 14906027 	 113
X	14958464 	 14964887 	 6423
X 	 14976712 	 14976831 	 119
X	14978251 	 14982802 	 4551
X	14998672 	 14999249 	 577
X	15005072 	 15005405 	 333
X 	 15040387 	 15040494 	 107
X	15099117 	 15103551 	 4434
X 	 15122521 	 15122642 	 121
X	15132337 	 15134944 	 2607
X	15140273 	 15140445 	 172
X	15149924 	 15150265 	 341
X 	 15170991 	 15171104 	 113
X	15183962 	 15184332 	 370
X	15190264 	 15192053 	 1789
X 	 15201976 	 15202076 	 100
X 	 15205806 	 15205916 	 110
X	15213721 	 15222861 	 9140
X	15261730 	 15273410 	 11680
X 	 15284325 	 15284441 	 116
X	15303732 	 15305769 	 2037
X	15352564 	 15352622 	 58
X	15359681 	 15388659 	 28978
X 	 15416366 	 15416407 	 41
X	15474560 	 15474610 	 50
X	15479219 	 15489133 	 9914
X	15505740 	 15506909 	 1169
X	15514993 	 15518433 	 3440
X	15528055 	 15528294 	 239
X	15552448 	 15552516 	 68
X 	 15555060 	 15555184 	 124
X 	 15566516 	 15566644 	 128
X	15647941 	 15648060 	 119
X 	 15651577 	 15651681 	 104
X	15659458 	 15659525 	 67
X 	 15670646 	 15670743 	 97
X	15702825 	 15718668 	 15843
X 	 15741642 	 15741750 	 108
X	15800963 	 15810029 	 9066
X	15813956 	 15814246 	 290
X 	 15848631 	 15848746 	 115
X	15873647 	 15874748 	 1101
X	15880578 	 15880671 	 93
X	15895189 	 15917127 	 21938
X	15917722 	 15933184 	 15462
X 	 15945628 	 15945741 	 113
X	15953299 	 15955437 	 2138
X	15957345 	 15961139 	 3794
X	15964787 	 15972062 	 7275
X	16001662 	 16001712 	 50
X	16005926 	 16006084 	 158
X	16008321 	 16020716 	 12395
X 	 16034351 	 16034415 	 64
X 	 16036518 	 16036580 	 62
X 	 16047262 	 16047377 	 115
X 	 16048266 	 16048358 	 92
X 	 16054487 	 16054521 	 34
X	16058042 	 16058117 	 75
X	16077859 	 16077919 	 60
X	16093054 	 16098916 	 5862
X	16104060 	 16117539 	 13479
X	16120183 	 16124136 	 3953
X	16151141 	 16152943 	 1802
X 	 16185346 	 16185446 	 100
X	16199562 	 16208053 	 8491
X 	 16227107 	 16227140 	 33
X	16250473 	 16251811 	 1338
X	16261930 	 16262468 	 538
X	16276809 	 16277224 	 415
X	16278373 	 16285283 	 6910
X	16291306 	 16297561 	 6255
X 	 16310695 	 16310817 	 122
X	16314825 	 16314942 	 117
X	16320885 	 16334690 	 13805
X 	 16341900 	 16341948 	 48
X	16365652 	 16367697 	 2045
X	16429270 	 16432729 	 3459
X	16485430 	 16489427 	 3997
X 	 16544221 	 16544344 	 123
X	16555519 	 16563004 	 7485
X 	 16575060 	 16575159 	 99
X	16583336 	 16586600 	 3264
X	16631621 	 16632019 	 398
X 	 16641065 	 16641171 	 106
X	16649434 	 16652251 	 2817
X 	 16662851 	 16662974 	 123
X 	 16687456 	 16687555 	 99
X 	 16693891 	 16693998 	 107
X 	 16696637 	 16696753 	 116
X	16784113 	 16784651 	 538
X	16788510 	 16788560 	 50
X	16790409 	 16790458 	 49
X	16796082 	 16801123 	 5041
X	16814255 	 16825694 	 11439
X	16840653 	 16843500 	 2847
X 	 16867933 	 16868036 	 103
X	16880487 	 16887971 	 7484
X 	 16907435 	 16907552 	 117
X 	 16965225 	 16965322 	 97
X	16996517 	 17014507 	 17990
X 	 17017688 	 17017810 	 122
X	17018589 	 17019536 	 947
X	17023744 	 17024247 	 503
X 	 17037098 	 17037203 	 105
X 	 17046262 	 17046361 	 99
X	17059894 	 17063340 	 3446
X 	 17064405 	 17064526 	 121
X 	 17066802 	 17066917 	 115
X	17095177 	 17095238 	 61
X	17138657 	 17139075 	 418
X 	 17154898 	 17155019 	 121
X 	 17181043 	 17181073 	 30
X 	 17198932 	 17198978 	 46
X	17216255 	 17216973 	 718
X 	 17258357 	 17258463 	 106
X 	 17272556 	 17272588 	 32
X	17288721 	 17288855 	 134
X	17301624 	 17301954 	 330
X	17307804 	 17309236 	 1432
X	17354725 	 17363706 	 8981
X	17375381 	 17415688 	 40307
X 	 17442691 	 17442804 	 113
X 	 17472029 	 17472131 	 102
X	17519173 	 17522248 	 3075
X	17539717 	 17539781 	 64
X 	 17559101 	 17559224 	 123
X	17559872 	 17563008 	 3136
X 	 17582549 	 17582670 	 121
X	17584845 	 17586218 	 1373
X	17589720 	 17589787 	 67
X	17636096 	 17645201 	 9105
X 	 17663872 	 17663993 	 121
X	17664984 	 17665060 	 76
X	17687460 	 17687562 	 102
X	17712518 	 17713284 	 766
X 	 17719248 	 17719349 	 101
X 	 17744107 	 17744226 	 119
X	17756273 	 17756468 	 195
X	17765043 	 17779528 	 14485
X 	 17788196 	 17788288 	 92
X 	 17793395 	 17793446 	 51
X	17837755 	 17840879 	 3124
X	17848579 	 17849565 	 986
X 	 17866603 	 17866633 	 30
X 	 17879381 	 17879499 	 118
X	17898569 	 17898626 	 57
X 	 17905908 	 17905987 	 79
X	17913860 	 17918916 	 5056
X 	 17923795 	 17923842 	 47
X 	 17924178 	 17924238 	 60
X	17943298 	 17943489 	 191
X	17969583 	 17970309 	 726
X 	 17983867 	 17983991 	 124
X 	 17986012 	 17986114 	 102
X	17993270 	 17997889 	 4619
X	18011280 	 18018967 	 7687
X 	 18026633 	 18026738 	 105
X	18037460 	 18042909 	 5449
X 	 18059792 	 18059900 	 108
X	18066767 	 18066927 	 160
X	18095000 	 18096013 	 1013
X	18099755 	 18100513 	 758
X	18117366 	 18135404 	 18038
X 	 18159354 	 18159467 	 113
X	18164864 	 18164954 	 90
X	18190466 	 18190536 	 70
X	18210577 	 18218197 	 7620
X	18220977 	 18227666 	 6689
X	18261450 	 18275601 	 14151
X	18310817 	 18316132 	 5315
X	18336695 	 18344820 	 8125
X 	 18348774 	 18348894 	 120
X	18367051 	 18367116 	 65
X	18373227 	 18373648 	 421
X	18374290 	 18383160 	 8870
X 	 18386261 	 18386367 	 106
X	18440580 	 18441799 	 1219
X 	 18463127 	 18463228 	 101
X 	 18463350 	 18463472 	 122
X 	 18469185 	 18469299 	 114
X 	 18514705 	 18514802 	 97
X 	 18546378 	 18546459 	 81
X 	 18546643 	 18546689 	 46
X 	 18547805 	 18547892 	 87
X 	 18590976 	 18591088 	 112
X	18608944 	 18609971 	 1027
X	18619856 	 18620080 	 224
X	18622882 	 18622960 	 78
X 	 18629704 	 18629820 	 116
X	18631903 	 18631950 	 47
X 	 18666510 	 18666627 	 117
X	18678993 	 18699968 	 20975
X 	 18700367 	 18700468 	 101
X	18747250 	 18747301 	 51
X 	 18771933 	 18771991 	 58
X	18775698 	 18777578 	 1880
X 	 18810484 	 18810582 	 98
X	18832351 	 18867574 	 35223
X 	 18868190 	 18868226 	 36
X 	 18872371 	 18872461 	 90
X	18894102 	 18894326 	 224
X 	 18896023 	 18896147 	 124
X 	 18922256 	 18922370 	 114
X 	 18942797 	 18942907 	 110
X 	 18958635 	 18958739 	 104
X	18969704 	 18975256 	 5552
X 	 18991109 	 18991222 	 113
X	19036827 	 19037022 	 195
X	19051137 	 19052225 	 1088
X	19053944 	 19054995 	 1051
X 	 19059120 	 19059151 	 31
X 	 19070700 	 19070796 	 96
X	19085974 	 19086426 	 452
X	19088672 	 19089529 	 857
X	19091971 	 19095596 	 3625
X 	 19122841 	 19122955 	 114
X 	 19138010 	 19138124 	 114
X	19170429 	 19171631 	 1202
X	19179459 	 19181206 	 1747
X	19205597 	 19209244 	 3647
X	19221296 	 19236617 	 15321
X 	 19269460 	 19269560 	 100
X 	 19333659 	 19333770 	 111
X	19341939 	 19362516 	 20577
X 	 19433053 	 19433084 	 31
X 	 19451401 	 19451453 	 52
X 	 19451828 	 19451904 	 76
X	19452961 	 19456695 	 3734
X	19457385 	 19458648 	 1263
X 	 19478338 	 19478460 	 122
X 	 19488839 	 19488961 	 122
X 	 19507476 	 19507598 	 122
X	19523832 	 19525591 	 1759
X	19526526 	 19527806 	 1280
X	19528478 	 19545227 	 16749
X	19553287 	 19554139 	 852
X	19554661 	 19555102 	 441
X 	 19555566 	 19555677 	 111
X 	 19561936 	 19562043 	 107
X	19571908 	 19572566 	 658
X	19585502 	 19585813 	 311
X	19612457 	 19618688 	 6231
X	19620470 	 19620792 	 322
X	19640020 	 19644293 	 4273
X	19703963 	 19704195 	 232
X	19708809 	 19709118 	 309
X	19713496 	 19713546 	 50
X	19722152 	 19740699 	 18547
X	19747399 	 19751253 	 3854
X 	 19763537 	 19763641 	 104
X	19764183 	 19764327 	 144
X	19773292 	 19783933 	 10641
X 	 19801689 	 19801772 	 83
X 	 19807163 	 19807287 	 124
X	19817068 	 19821631 	 4563
X 	 19834265 	 19834386 	 121
X	19861751 	 19861831 	 80
X	19867669 	 19873131 	 5462
X 	 19874331 	 19874454 	 123
X	19878387 	 19883850 	 5463
X 	 19897253 	 19897309 	 56
X 	 19912457 	 19912527 	 70
X 	 19921258 	 19921345 	 87
X 	 19927897 	 19928014 	 117
X 	 19930821 	 19930926 	 105
X 	 19943500 	 19943600 	 100
X 	 19947126 	 19947241 	 115
X 	 19951859 	 19951899 	 40
X 	 19952711 	 19952748 	 37
X 	 19956594 	 19956717 	 123
X 	 19957366 	 19957482 	 116
X 	 19957805 	 19957895 	 90
X	19961439 	 19962307 	 868
X	19996632 	 20000526 	 3894
X	20010097 	 20010482 	 385
X 	 20041869 	 20041911 	 42
X	20043147 	 20044582 	 1435
X 	 20065072 	 20065179 	 107
X 	 20069202 	 20069242 	 40
X 	 20083829 	 20083867 	 38
X 	 20102192 	 20102316 	 124
X	20104806 	 20105565 	 759
X	20109756 	 20114299 	 4543
X	20129292 	 20129450 	 158
X 	 20147224 	 20147325 	 101
X	20171057 	 20172331 	 1274
X 	 20181190 	 20181264 	 74
X 	 20184138 	 20184208 	 70
X	20184345 	 20185160 	 815
X 	 20188150 	 20188206 	 56
X 	 20192889 	 20192987 	 98
X 	 20199580 	 20199653 	 73
X	20207377 	 20207482 	 105
X 	 20212147 	 20212259 	 112
X 	 20218937 	 20218990 	 53
X 	 20219861 	 20219911 	 50
X 	 20223667 	 20223743 	 76
X 	 20226672 	 20226763 	 91
X 	 20228647 	 20228741 	 94
X	20238354 	 20240683 	 2329
X	20247490 	 20250319 	 2829
X	20262065 	 20265916 	 3851
X 	 20292667 	 20292704 	 37
X 	 20302555 	 20302611 	 56
X 	 20302959 	 20303004 	 45
X 	 20336556 	 20336674 	 118
X	20369429 	 20374795 	 5366
X 	 20387100 	 20387149 	 49
X	20388951 	 20391266 	 2315
X	20393004 	 20393494 	 490
X 	 20447218 	 20447337 	 119
X	20450552 	 20468545 	 17993
X	20471687 	 20471853 	 166
X	20472433 	 20494270 	 21837
X	20509482 	 20510088 	 606
X	20515230 	 20516274 	 1044
X	20538372 	 20543197 	 4825
X	20544071 	 20545598 	 1527
X 	 20577968 	 20578089 	 121
X	20593498 	 20596495 	 2997
X 	 20597454 	 20597576 	 122
X	20664345 	 20667235 	 2890
X	20739728 	 20746139 	 6411
X 	 20767139 	 20767234 	 95
X	20782327 	 20786092 	 3765
X	20796476 	 20798683 	 2207
X 	 20800222 	 20800345 	 123
X	20813473 	 20813539 	 66
X	20816249 	 20819848 	 3599
X 	 20822309 	 20822431 	 122
X	20824320 	 20824405 	 85
X	20833632 	 20833952 	 320
X 	 20841900 	 20842023 	 123
X	20932659 	 20940486 	 7827
X	20948991 	 20950388 	 1397
X 	 20962580 	 20962611 	 31
X 	 20973317 	 20973430 	 113
X 	 20987520 	 20987641 	 121
X	20996115 	 20997127 	 1012
X 	 21028027 	 21028141 	 114
X	21033621 	 21034036 	 415
X 	 21097374 	 21097442 	 68
X	21112963 	 21113627 	 664
X	21114221 	 21127433 	 13212
X 	 21132425 	 21132472 	 47
X 	 21132654 	 21132734 	 80
X 	 21172255 	 21172376 	 121
X	21208007 	 21216941 	 8934
X 	 21261083 	 21261199 	 116
X	21281071 	 21281436 	 365
X 	 21286379 	 21286496 	 117
X	21290818 	 21293422 	 2604
X 	 21329627 	 21329746 	 119
X	21384470 	 21390195 	 5725
X	21404511 	 21405190 	 679
X	21412796 	 21413061 	 265
X 	 21430385 	 21430472 	 87
X 	 21460296 	 21460417 	 121
X 	 21463252 	 21463363 	 111
X 	 21463713 	 21463756 	 43
X 	 21478793 	 21478913 	 120
X 	 21526735 	 21526807 	 72
X 	 21567547 	 21567668 	 121
X 	 21571930 	 21572051 	 121
X	21577104 	 21577394 	 290
X 	 21610321 	 21610398 	 77
X 	 21610745 	 21610867 	 122
X 	 21612319 	 21612434 	 115
X 	 21616837 	 21616887 	 50
X 	 21618402 	 21618526 	 124
X 	 21625282 	 21625367 	 85
X 	 21631369 	 21631411 	 42
X 	 21669894 	 21670014 	 120
X 	 21672576 	 21672635 	 59
X 	 21672657 	 21672766 	 109
X 	 21684029 	 21684064 	 35
X 	 21686437 	 21686482 	 45
X 	 21695469 	 21695529 	 60
X 	 21699609 	 21699669 	 60
X 	 21709706 	 21709775 	 69
X 	 21737068 	 21737143 	 75
X 	 21753172 	 21753204 	 32
X 	 21763145 	 21763185 	 40
X	21796184 	 21796436 	 252
X 	 21798112 	 21798166 	 54
X 	 21805799 	 21805849 	 50
X 	 21808895 	 21808995 	 100
X 	 21813243 	 21813359 	 116
X 	 21813448 	 21813556 	 108
X 	 21817359 	 21817439 	 80
X 	 21817623 	 21817736 	 113
X 	 21819768 	 21819882 	 114
X 	 21837999 	 21838121 	 122
X 	 21844474 	 21844569 	 95
X 	 21848444 	 21848483 	 39
X 	 21854374 	 21854465 	 91
X 	 21856024 	 21856060 	 36
X 	 21859591 	 21859669 	 78
X 	 21872432 	 21872507 	 75
X	21907215 	 21907315 	 100
X 	 21921757 	 21921869 	 112
X 	 21923810 	 21923907 	 97
X	21961246 	 21962000 	 754
X 	 21966825 	 21966868 	 43
X 	 21979216 	 21979258 	 42
X 	 21996342 	 21996415 	 73
X 	 22008051 	 22008120 	 69
X 	 22014854 	 22014975 	 121
X 	 22027176 	 22027230 	 54
X 	 22031759 	 22031877 	 118
X 	 22040652 	 22040712 	 60
X 	 22062946 	 22063041 	 95
X 	 22064959 	 22065060 	 101
X 	 22086950 	 22086986 	 36
X 	 22094823 	 22094866 	 43
X 	 22098320 	 22098351 	 31
X 	 22101013 	 22101096 	 83
X 	 22118461 	 22118528 	 67
X 	 22120132 	 22120236 	 104
X 	 22135648 	 22135735 	 87
X 	 22142343 	 22142466 	 123
X 	 22157379 	 22157455 	 76
X 	 22158211 	 22158261 	 50
X 	 22169680 	 22169798 	 118
X 	 22182711 	 22182797 	 86
X 	 22187531 	 22187580 	 49
X 	 22192399 	 22192522 	 123
X 	 22198828 	 22198905 	 77
X 	 22204805 	 22204925 	 120
X 	 22204952 	 22205044 	 92
X 	 22218341 	 22218381 	 40
X 	 22219538 	 22219646 	 108
X 	 22226699 	 22226765 	 66
X 	 22248632 	 22248692 	 60
X 	 22250511 	 22250622 	 111
X	22257620 	 22259551 	 1931
X 	 22260654 	 22260749 	 95
X 	 22262945 	 22263026 	 81
X 	 22263804 	 22263893 	 89
X 	 22266864 	 22266955 	 91
X 	 22269806 	 22269889 	 83
X 	 22281148 	 22281227 	 79
X 	 22281842 	 22281890 	 48
X 	 22314923 	 22314984 	 61
X 	 22353535 	 22353651 	 116
X 	 22354202 	 22354228 	 26
X 	 22357299 	 22357320 	 21
X 	 22357483 	 22357606 	 123
X 	 22366734 	 22366832 	 98
X 	 22370927 	 22371040 	 113
X 	 22371810 	 22371888 	 78
X 	 22377297 	 22377368 	 71
X 	 22383608 	 22383663 	 55
X 	 22390180 	 22390244 	 64
X 	 22396866 	 22396928 	 62
X 	 22397853 	 22397977 	 124
X 	 22407044 	 22407131 	 87
X 	 22421636 	 22421734 	 98
X 	 22440283 	 22440354 	 71
X	22493436 	 22493520 	 84
X 	 22512345 	 22512459 	 114
X	22518372 	 22519140 	 768
X 	 22552335 	 22552448 	 113
X 	 22567444 	 22567499 	 55
X	22580070 	 22585397 	 5327
X	22603203 	 22606683 	 3480
X	22656481 	 22657908 	 1427
X	22670171 	 22675625 	 5454
X 	 22681553 	 22681628 	 75
X	22694151 	 22695056 	 905
X 	 22699059 	 22699152 	 93
X 	 22699799 	 22699889 	 90
X 	 22700154 	 22700275 	 121
X 	 22704275 	 22704312 	 37
X	22725659 	 22728015 	 2356
X	22735182 	 22739616 	 4434
X 	 22755287 	 22755392 	 105
X	22794666 	 22807401 	 12735
X 	 22822047 	 22822168 	 121
X 	 22843488 	 22843609 	 121
X	22870638 	 22872126 	 1488
X 	 22887477 	 22887579 	 102
X	22908440 	 22908945 	 505
X	22918398 	 22924345 	 5947
X 	 22939603 	 22939724 	 121
X 	 22944349 	 22944461 	 112
X 	 22951506 	 22951549 	 43
X 	 22970819 	 22970922 	 103
X 	 22981362 	 22981483 	 121
X 	 22990458 	 22990577 	 119
X 	 22997972 	 22998028 	 56
X 	 23000502 	 23000623 	 121
X 	 23004871 	 23004987 	 116
X 	 23016464 	 23016572 	 108
X	23042316 	 23047834 	 5518
X 	 23080965 	 23081068 	 103
X	23099472 	 23101861 	 2389
X 	 23110505 	 23110597 	 92
X 	 23110978 	 23111013 	 35
X 	 23127063 	 23127154 	 91
X 	 23129410 	 23129446 	 36
X 	 23150374 	 23150440 	 66
X 	 23165124 	 23165242 	 118
X	23180084 	 23180133 	 49
X	23194961 	 23195060 	 99
X 	 23210079 	 23210171 	 92
X 	 23220585 	 23220641 	 56
X 	 23223627 	 23223733 	 106
X 	 23252255 	 23252285 	 30
X 	 23261552 	 23261655 	 103
X 	 23269505 	 23269573 	 68
X 	 23269757 	 23269825 	 68
X 	 23270389 	 23270510 	 121
X	23277970 	 23278034 	 64
X 	 23279588 	 23279653 	 65
X 	 23279709 	 23279770 	 61
X 	 23284187 	 23284230 	 43
X	23286494 	 23287958 	 1464
X	23321165 	 23321265 	 100
X	23321957 	 23322109 	 152
X 	 23331932 	 23331998 	 66
X 	 23341713 	 23341766 	 53
X 	 23356448 	 23356567 	 119
X 	 23374153 	 23374203 	 50
X 	 23430473 	 23430580 	 107
X 	 23433169 	 23433288 	 119
X 	 23434500 	 23434614 	 114
X	23439250 	 23457474 	 18224
X 	 23467156 	 23467229 	 73
X 	 23469382 	 23469421 	 39
X 	 23473821 	 23473918 	 97
X 	 23474638 	 23474731 	 93
X 	 23475360 	 23475394 	 34
X 	 23479380 	 23479412 	 32
X 	 23480428 	 23480460 	 32
X 	 23511917 	 23511961 	 44
X 	 23513591 	 23513649 	 58
X 	 23519205 	 23519245 	 40
X	23534534 	 23534913 	 379
X 	 23534915 	 23534989 	 74
X 	 23541638 	 23541714 	 76
Y 	 8990 	 9096 	 106
Y	14338 	 14441 	 103
Y 	 18419 	 18463 	 44
Y	22086 	 22647 	 561
Y	25521 	 27583 	 2062
Y 	 37441 	 37544 	 103
Y	61112 	 70202 	 9090
Y 	 71178 	 71222 	 44
Y 	 75744 	 75826 	 82
Y 	 77103 	 77202 	 99
Y	84294 	 85609 	 1315
Y 	 87301 	 87411 	 110
Y 	 88784 	 88822 	 38
Y 	 90123 	 90199 	 76
Y 	 90402 	 90516 	 114
Y	92562 	 92935 	 373
Y	103137 	 104025 	 888
Y 	 104981 	 105102 	 121
Y 	 110967 	 111049 	 82
Y 	 117217 	 117253 	 36
Y 	 124067 	 124109 	 42
Y 	 126516 	 126616 	 100
Y 	 137630 	 137652 	 22
Y 	 138551 	 138584 	 33
Y 	 148990 	 149022 	 32
Y 	 186395 	 186511 	 116
Y 	 200838 	 200877 	 39
Y 	 219853 	 219909 	 56
Y 	 220504 	 220624 	 120
Y 	 223581 	 223652 	 71
Y 	 234424 	 234471 	 47
Y 	 238611 	 238682 	 71
Y 	 239854 	 239939 	 85
Y	240352 	 240852 	 500
Y	247539 	 254397 	 6858
Y 	 257132 	 257202 	 70
Y 	 268057 	 268114 	 57
Y 	 282669 	 282788 	 119
Y 	 285227 	 285301 	 74
Y	288956 	 290897 	 1941
Y	305267 	 309612 	 4345
Y 	 334590 	 334646 	 56
Y	340980 	 345817 	 4837
Y	349831 	 349904 	 73
Y 	 350236 	 350282 	 46
Y	352081 	 352832 	 751
Y 	 352857 	 352903 	 46
Y 	 352972 	 353072 	 100
Y 	 353482 	 353574 	 92
Y 	 364770 	 364826 	 56
Y 	 372044 	 372115 	 71
Y 	 376081 	 376151 	 70
Y 	 376209 	 376332 	 123
Y 	 404660 	 404728 	 68
Y 	 409412 	 409534 	 122
Y 	 416165 	 416256 	 91
Y 	 417003 	 417052 	 49
Y 	 418525 	 418645 	 120
Y 	 418991 	 419098 	 107
Y 	 423414 	 423534 	 120
Y 	 449922 	 450037 	 115
Y 	 452169 	 452232 	 63
Y 	 453248 	 453295 	 47
Y	463563 	 472602 	 9039
Y 	 473665 	 473698 	 33
Y 	 478469 	 478583 	 114
Y 	 478854 	 478954 	 100
Y 	 479336 	 479455 	 119
Y 	 497091 	 497185 	 94
Y	522151 	 530151 	 8000
Y	531415 	 535415 	 4000
Y 	 542284 	 542319 	 35
Y 	 555982 	 556073 	 91
Y	557868 	 557968 	 100
Y 	 562010 	 562047 	 37
Y 	 564077 	 564137 	 60
Y	564811 	 572811 	 8000
Y 	 581757 	 581855 	 98
Y	582268 	 582368 	 100
Y 	 583058 	 583149 	 91
Y	591887 	 597788 	 5901
Y 	 599045 	 599090 	 45
Y 	 605614 	 605662 	 48
Y 	 606544 	 606583 	 39
Y 	 608910 	 608992 	 82
Y	610682 	 613459 	 2777
Y 	 628542 	 628600 	 58
Y 	 633005 	 633025 	 20
Y 	 641299 	 641403 	 104
Y 	 650490 	 650521 	 31
Y 	 650603 	 650622 	 19
Y 	 652773 	 652830 	 57
Y 	 652949 	 653039 	 90
Y	656009 	 656109 	 100
Y 	 671797 	 671898 	 101
Y	692673 	 697894 	 5221
Y 	 715060 	 715166 	 106
Y 	 741675 	 741763 	 88
Y 	 744629 	 744749 	 120
Y 	 744952 	 745000 	 48
Y 	 758326 	 758384 	 58
Y 	 767548 	 767621 	 73
Y 	 788996 	 789082 	 86
Y 	 794431 	 794490 	 59
Y 	 812034 	 812127 	 93
Y	823369 	 835020 	 11651
Y	840115 	 841351 	 1236
Y	846040 	 846140 	 100
Y	846883 	 846988 	 105
Y 	 847161 	 847193 	 32
Y 	 847681 	 847717 	 36
Y	848447 	 848547 	 100
Y 	 849555 	 849638 	 83
Y	851144 	 851578 	 434
Y 	 852195 	 852256 	 61
Y 	 852633 	 852746 	 113
Y	853437 	 853537 	 100
Y 	 855253 	 855305 	 52
Y 	 856083 	 856190 	 107
Y 	 856692 	 856797 	 105
Y 	 857927 	 857952 	 25
Y 	 858128 	 858181 	 53
Y 	 858681 	 858779 	 98
Y 	 859511 	 859570 	 59
Y 	 861425 	 861483 	 58
Y 	 862552 	 862598 	 46
Y 	 866635 	 866737 	 102
Y 	 867644 	 867748 	 104
Y	868643 	 868743 	 100
Y 	 872557 	 872579 	 22
Y 	 874040 	 874084 	 44
Y	877729 	 877829 	 100
Y	879601 	 879701 	 100
Y 	 880937 	 880964 	 27
Y 	 882211 	 882253 	 42
Y	883396 	 883496 	 100
Y 	 886844 	 886869 	 25
Y	887762 	 887876 	 114
Y	889656 	 889756 	 100
Y 	 893343 	 893417 	 74
Y 	 895658 	 895682 	 24
Y 	 896232 	 896296 	 64
Y 	 899871 	 899967 	 96
Y 	 904736 	 904758 	 22
Y 	 907687 	 907776 	 89
Y 	 908914 	 908968 	 54
Y 	 909198 	 909264 	 66
Y 	 909462 	 909531 	 69
Y	914301 	 914401 	 100
Y	916337 	 916437 	 100
Y	922041 	 922141 	 100
Y	924135 	 924235 	 100
Y 	 925688 	 925807 	 119
Y 	 927499 	 927554 	 55
Y 	 929266 	 929368 	 102
Y	931732 	 931832 	 100
Y	933309 	 933409 	 100
Y 	 936509 	 936588 	 79
Y	939566 	 939666 	 100
Y	942020 	 942120 	 100
Y 	 942123 	 942176 	 53
Y 	 943492 	 943584 	 92
Y 	 946400 	 946520 	 120
Y	947403 	 947503 	 100
Y 	 947777 	 947897 	 120
Y	948654 	 948754 	 100
Y 	 951172 	 951208 	 36
Y 	 952428 	 952498 	 70
Y 	 955379 	 955434 	 55
Y 	 958163 	 958208 	 45
Y	959383 	 959483 	 100
Y	960542 	 968542 	 8000
Y 	 970014 	 970063 	 49
Y 	 976178 	 976276 	 98
Y	977521 	 977621 	 100
Y 	 979529 	 979579 	 50
Y 	 980837 	 980897 	 60
Y 	 983072 	 983135 	 63
Y 	 985281 	 985327 	 46
Y	986927 	 987027 	 100
Y	988093 	 988193 	 100
Y 	 993200 	 993320 	 120
Y	995840 	 995940 	 100
Y 	 998782 	 998890 	 108
Y 	 1000373 	 1000430 	 57
Y 	 1004739 	 1004786 	 47
Y	1009359 	 1011071 	 1712
Y	1014100 	 1014200 	 100
Y	1019730 	 1019830 	 100
Y 	 1029637 	 1029671 	 34
Y 	 1032902 	 1032946 	 44
Y 	 1039182 	 1039258 	 76
Y 	 1039455 	 1039576 	 121
Y 	 1040281 	 1040321 	 40
Y 	 1042504 	 1042549 	 45
Y	1053927 	 1054027 	 100
Y 	 1057634 	 1057734 	 100
Y 	 1058289 	 1058370 	 81
Y 	 1065778 	 1065823 	 45
Y 	 1101915 	 1101982 	 67
Y	1104346 	 1121066 	 16720
Y 	 1133560 	 1133608 	 48
Y 	 1134546 	 1134580 	 34
Y 	 1143729 	 1143841 	 112
Y 	 1151171 	 1151288 	 117
Y 	 1162944 	 1163005 	 61
Y 	 1171228 	 1171302 	 74
Y 	 1178961 	 1179016 	 55
Y 	 1183237 	 1183298 	 61
Y 	 1185072 	 1185154 	 82
Y 	 1194123 	 1194188 	 65
Y 	 1199680 	 1199793 	 113
Y 	 1204094 	 1204208 	 114
Y 	 1204756 	 1204830 	 74
Y	1215120 	 1215220 	 100
Y 	 1229375 	 1229441 	 66
Y 	 1237402 	 1237462 	 60
Y 	 1239626 	 1239714 	 88
Y 	 1257737 	 1257855 	 118
Y 	 1265122 	 1265209 	 87
Y 	 1267661 	 1267699 	 38
Y 	 1270867 	 1270977 	 110
Y 	 1274316 	 1274364 	 48
Y 	 1284261 	 1284291 	 30
Y 	 1284981 	 1285057 	 76
Y 	 1301833 	 1301946 	 113
Y 	 1314210 	 1314320 	 110
Y 	 1315859 	 1315975 	 116
Y 	 1332854 	 1332955 	 101
Y 	 1337130 	 1337211 	 81
Y 	 1338743 	 1338865 	 122
Y 	 1361272 	 1361340 	 68
Y 	 1384565 	 1384597 	 32
Y 	 1404153 	 1404276 	 123
Y 	 1404446 	 1404560 	 114
Y 	 1414112 	 1414200 	 88
Y 	 1416943 	 1417060 	 117
Y	1420194 	 1424305 	 4111
Y 	 1426794 	 1426852 	 58
Y	1457079 	 1457761 	 682
Y	1467271 	 1469425 	 2154
Y 	 1479374 	 1479438 	 64
Y	1479774 	 1479897 	 123
Y 	 1498154 	 1498214 	 60
Y 	 1506337 	 1506402 	 65
Y 	 1509391 	 1509491 	 100
Y 	 1518276 	 1518371 	 95
Y 	 1524679 	 1524721 	 42
Y 	 1526938 	 1526982 	 44
Y 	 1527697 	 1527781 	 84
Y 	 1531864 	 1531951 	 87
Y 	 1534803 	 1534864 	 61
Y 	 1537509 	 1537561 	 52
Y 	 1538375 	 1538416 	 41
Y 	 1544124 	 1544246 	 122
Y	1557037 	 1557424 	 387
Y 	 1596347 	 1596409 	 62
Y 	 1597709 	 1597828 	 119
Y 	 1606459 	 1606577 	 118
Y 	 1617466 	 1617588 	 122
Y 	 1617692 	 1617808 	 116
Y 	 1618781 	 1618846 	 65
Y 	 1635907 	 1636013 	 106
Y 	 1638303 	 1638370 	 67
Y 	 1642156 	 1642230 	 74
Y 	 1642389 	 1642435 	 46
Y 	 1642683 	 1642708 	 25
Y 	 1655457 	 1655521 	 64
Y	1657658 	 1657758 	 100
Y	1664050 	 1664150 	 100
Y 	 1665509 	 1665623 	 114
Y 	 1667438 	 1667562 	 124
Y 	 1718536 	 1718628 	 92
Y 	 1719549 	 1719663 	 114
Y 	 1722009 	 1722099 	 90
Y 	 1723513 	 1723572 	 59
Y	1738316 	 1738463 	 147
Y 	 1739446 	 1739567 	 121
Y 	 1747111 	 1747133 	 22
Y	1748407 	 1748507 	 100
Y 	 1749657 	 1749730 	 73
Y	1751308 	 1751461 	 153
Y 	 1754747 	 1754863 	 116
Y 	 1760156 	 1760261 	 105
Y 	 1762692 	 1762729 	 37
Y 	 1765214 	 1765288 	 74
Y 	 1769800 	 1769872 	 72
Y 	 1779215 	 1779270 	 55
Y 	 1781968 	 1782041 	 73
Y	1786333 	 1788615 	 2282
Y 	 1815955 	 1816040 	 85
Y 	 1821760 	 1821875 	 115
Y 	 1829407 	 1829499 	 92
Y 	 1831269 	 1831344 	 75
Y 	 1832072 	 1832175 	 103
Y 	 1835161 	 1835195 	 34
Y 	 1839387 	 1839507 	 120
Y 	 1846250 	 1846362 	 112
Y 	 1850883 	 1850992 	 109
Y	1863376 	 1864377 	 1001
Y 	 1869930 	 1870045 	 115
Y 	 1874295 	 1874419 	 124
Y	1883803 	 1884314 	 511
Y 	 1889345 	 1889348 	 3
Y 	 1891520 	 1891630 	 110
Y 	 1896688 	 1896801 	 113
Y 	 1909223 	 1909328 	 105
Y 	 1913436 	 1913550 	 114
Y	1920965 	 1921371 	 406
Y 	 1921945 	 1922018 	 73
Y 	 1930145 	 1930239 	 94
Y 	 1933767 	 1933881 	 114
Y 	 1936836 	 1936877 	 41
Y 	 1943700 	 1943804 	 104
Y	1962863 	 1962921 	 58
Y 	 1971014 	 1971120 	 106
Y 	 1975093 	 1975125 	 32
Y 	 1985340 	 1985462 	 122
Y 	 1987475 	 1987555 	 80
Y 	 2004852 	 2004934 	 82
Y 	 2023003 	 2023043 	 40
Y 	 2082018 	 2082080 	 62
Y 	 2085020 	 2085140 	 120
Y	2086956 	 2087056 	 100
Y 	 2089245 	 2089283 	 38
Y 	 2090221 	 2090292 	 71
Y 	 2094531 	 2094586 	 55
Y 	 2102564 	 2102599 	 35
Y 	 2107863 	 2107914 	 51
Y 	 2133207 	 2133283 	 76
Y 	 2165534 	 2165646 	 112
Y 	 2169845 	 2169964 	 119
Y 	 2171488 	 2171529 	 41
Y 	 2183495 	 2183594 	 99
Y 	 2198657 	 2198778 	 121
Y 	 2199449 	 2199559 	 110
Y 	 2227384 	 2227437 	 53
Y 	 2229611 	 2229730 	 119
Y 	 2236563 	 2236609 	 46
Y 	 2242350 	 2242471 	 121
Y 	 2261613 	 2261649 	 36
Y 	 2267350 	 2267461 	 111
Y 	 2273219 	 2273332 	 113
Y 	 2285062 	 2285135 	 73
Y 	 2287181 	 2287236 	 55
Y 	 2302132 	 2302221 	 89
Y 	 2337012 	 2337060 	 48
Y 	 2358678 	 2358795 	 117
Y 	 2368735 	 2368820 	 85
Y	2393415 	 2393593 	 178
Y 	 2404988 	 2405025 	 37
Y 	 2411975 	 2412049 	 74
Y 	 2415442 	 2415473 	 31
Y	2423783 	 2423883 	 100
Y 	 2433316 	 2433422 	 106
Y	2434904 	 2435104 	 200
Y	2436405 	 2436605 	 200
Y 	 2446897 	 2447004 	 107
Y 	 2447406 	 2447527 	 121
Y	2457096 	 2458843 	 1747
Y 	 2463964 	 2464061 	 97
Y 	 2469852 	 2469930 	 78
Y 	 2469981 	 2470029 	 48
Y 	 2478154 	 2478275 	 121
Y 	 2483155 	 2483233 	 78
Y 	 2486221 	 2486343 	 122
Y 	 2489514 	 2489562 	 48
Y 	 2496220 	 2496281 	 61
Y 	 2499921 	 2500042 	 121
Y 	 2513923 	 2513970 	 47
Y 	 2515226 	 2515338 	 112
Y 	 2515762 	 2515801 	 39
Y 	 2524583 	 2524658 	 75
Y 	 2531538 	 2531593 	 55
Y 	 2540745 	 2540808 	 63
Y 	 2542488 	 2542596 	 108
Y 	 2543614 	 2543694 	 80
Y 	 2552888 	 2552948 	 60
Y 	 2554308 	 2554407 	 99
Y 	 2555757 	 2555828 	 71
Y 	 2570515 	 2570581 	 66
Y 	 2573975 	 2574097 	 122
Y 	 2575797 	 2575830 	 33
Y 	 2578952 	 2579031 	 79
Y 	 2581970 	 2582063 	 93
Y 	 2592808 	 2592878 	 70
Y 	 2595412 	 2595442 	 30
Y 	 2605543 	 2605581 	 38
Y 	 2607955 	 2608004 	 49
Y 	 2609034 	 2609092 	 58
Y	2628174 	 2628284 	 110
Y 	 2639826 	 2639896 	 70
Y 	 2647736 	 2647838 	 102
Y	2655676 	 2655688 	 12
Y 	 2668251 	 2668360 	 109
Y 	 2668981 	 2669012 	 31
Y 	 2671301 	 2671356 	 55
Y	2675667 	 2676191 	 524
Y 	 2677527 	 2677647 	 120
Y 	 2679173 	 2679294 	 121
Y 	 2686041 	 2686125 	 84
Y 	 2686067 	 2686125 	 58
Y 	 2704104 	 2704203 	 99
Y	2714445 	 2714706 	 261
Y 	 2715985 	 2716066 	 81
Y 	 2735706 	 2735824 	 118
Y 	 2758284 	 2758326 	 42
Y 	 2759565 	 2759598 	 33
Y 	 2764874 	 2764958 	 84
Y	2766161 	 2771654 	 5493
Y 	 2786299 	 2786399 	 100
Y 	 2809312 	 2809427 	 115
Y	2829290 	 2829390 	 100
Y 	 2837823 	 2837906 	 83
Y 	 2839435 	 2839481 	 46
Y 	 2840057 	 2840139 	 82
Y 	 2843240 	 2843363 	 123
Y 	 2850710 	 2850752 	 42
Y 	 2862111 	 2862175 	 64
Y 	 2867972 	 2868026 	 54
Y 	 2869025 	 2869070 	 45
Y 	 2892755 	 2892817 	 62
Y 	 2893895 	 2894001 	 106
Y 	 2910179 	 2910275 	 96
Y 	 2913630 	 2913718 	 88
Y 	 2926156 	 2926270 	 114
Y 	 2931049 	 2931171 	 122
Y 	 2932706 	 2932756 	 50
Y 	 2933856 	 2933932 	 76
Y 	 2943539 	 2943620 	 81
Y 	 2944667 	 2944771 	 104
Y 	 2946636 	 2946654 	 18
Y 	 2948860 	 2948922 	 62
Y 	 2949961 	 2950061 	 100
Y 	 2954385 	 2954430 	 45
Y 	 2961656 	 2961754 	 98
Y 	 2963154 	 2963191 	 37
Y 	 2963438 	 2963515 	 77
Y 	 2966725 	 2966822 	 97
Y 	 2967592 	 2967668 	 76
Y 	 2967688 	 2967731 	 43
Y	2972594 	 2977594 	 5000
Y	3011908 	 3012008 	 100
Y	3014360 	 3023914 	 9554
Y	3025146 	 3025246 	 100
Y	3026143 	 3026243 	 100
Y 	 3029536 	 3029582 	 46
Y 	 3030196 	 3030267 	 71
Y 	 3043108 	 3043179 	 71
Y 	 3044378 	 3044454 	 76
Y 	 3046431 	 3046528 	 97
Y 	 3056721 	 3056790 	 69
Y 	 3059091 	 3059173 	 82
Y 	 3072577 	 3072645 	 68
Y 	 3074024 	 3074151 	 127
Y 	 3076719 	 3076787 	 68
Y 	 3080484 	 3080542 	 58
Y 	 3087085 	 3087123 	 38
Y 	 3096527 	 3096623 	 96
Y 	 3104800 	 3104842 	 42
Y 	 3105447 	 3105553 	 106
Y 	 3126676 	 3126726 	 50
Y 	 3129411 	 3129508 	 97
Y 	 3135190 	 3135229 	 39
Y 	 3141525 	 3141591 	 66
Y 	 3158246 	 3158367 	 121
Y	3163796 	 3164092 	 296
Y 	 3167588 	 3167676 	 88
Y 	 3194942 	 3195026 	 84
Y 	 3205667 	 3205782 	 115
Y	3218179 	 3224266 	 6087
Y 	 3231616 	 3231706 	 90
Y 	 3239493 	 3239599 	 106
Y 	 3240883 	 3240931 	 48
Y 	 3255143 	 3255228 	 85
Y 	 3260773 	 3260891 	 118
Y 	 3264959 	 3265086 	 127
Y	3269601 	 3273543 	 3942
Y 	 3278315 	 3278381 	 66
Y 	 3283620 	 3283736 	 116
Y 	 3283997 	 3284038 	 41
Y 	 3295207 	 3295334 	 127
Y	3298126 	 3301826 	 3700
Y 	 3303500 	 3303556 	 56
Y 	 3327555 	 3327673 	 118
Y 	 3328236 	 3328279 	 43
Y 	 3354104 	 3354123 	 19
Y 	 3358570 	 3358614 	 44
Y 	 3359187 	 3359286 	 99
Y 	 3364520 	 3364590 	 70
Y 	 3365925 	 3366039 	 114
Y 	 3370886 	 3370936 	 50
Y 	 3371536 	 3371602 	 66
Y	3376984 	 3377084 	 100
Y 	 3380798 	 3380870 	 72
Y 	 3388688 	 3388776 	 88
Y 	 3394125 	 3394162 	 37
Y 	 3394630 	 3394674 	 44
Y 	 3396987 	 3397079 	 92
Y 	 3415659 	 3415731 	 72
Y 	 3416926 	 3416982 	 56
Y 	 3426362 	 3426465 	 103
Y 	 3430037 	 3430161 	 124
Y 	 3448617 	 3448672 	 55
Y 	 3449677 	 3449738 	 61
Y 	 3458214 	 3458334 	 120
Y 	 3501595 	 3501708 	 113
Y 	 3513616 	 3513684 	 68
Y 	 3514976 	 3515074 	 98
Y 	 3523487 	 3523548 	 61
Y 	 3535175 	 3535240 	 65
Y 	 3548975 	 3549082 	 107
Y 	 3560303 	 3560338 	 35
Y	3560479 	 3561504 	 1025
Y	3562638 	 3562738 	 100
Y	3565630 	 3565730 	 100
Y	3567184 	 3567284 	 100
Y	3567816 	 3570560 	 2744
Y	3577402 	 3579264 	 1862
Y 	 3580424 	 3580469 	 45
Y 	 3581106 	 3581165 	 59
Y	3581825 	 3590025 	 8200
Y	3591385 	 3595550 	 4165
Y	3596309 	 3600708 	 4399
Y 	 3611219 	 3611304 	 85
Y 	 3612668 	 3612709 	 41
Y	3614408 	 3617387 	 2979
Y	3641170 	 3647170 	 6000
Y	3648134 	 3648634 	 500
Y 	 3654340 	 3654376 	 36
Y	3657280 	 3663280 	 6000
Y	3664653 	 3664703 	 50
Y 	 3664924 	 3665041 	 117
Y 	 3666583 	 3666671 	 88
